5.023479944017250091e+03
4.779445561400614679e+03
5.129372931152582169e+03
4.849835180386435241e+03
4.743592247817199677e+03
4.519612470313441008e+03
5.113457574253436178e+03
4.927859816481824964e+03
4.850595308862160891e+03
4.558103626675438136e+03
4.657492363983299583e+03
4.372868995802011341e+03
4.202528090707492083e+03
3.752286307822447270e+03
3.462769231758546084e+03
3.058489917270373553e+03
2.835757555204909295e+03
2.767608776825945824e+03
2.443355973075609654e+03
2.203735522415023297e+03
1.974766082167159766e+03
2.536850064627360553e+03
2.312966241977643222e+03
2.267942630379926413e+03
2.053078582316171378e+03
2.493011787957977504e+03
2.322287063151132315e+03
2.230149523362051696e+03
1.885650205097626895e+03
1.786028171479236335e+03
1.467916491657029837e+03
1.289227497793268412e+03
9.335973938549868762e+02
6.332373980502597988e+02
2.804859455819241703e+02
6.504616801394149661e+01
3.288059043954126537e+02
5.867174898041412234e+01
-6.810556344734504819e+01
-2.662734322329051793e+02
3.747815562034957111e+02
2.203691897015087306e+02
2.037482733423821628e+02
-6.222066432703286409e+00
2.289430653820745647e+02
4.631991451932117343e+01
-4.994369237171486020e+01
-4.140178406168706715e+02
-6.199580683563835919e+02
-9.521751403738744557e+02
-1.113976045638788491e+03
-1.231829540014732629e+03
-1.507625044882763177e+03
-1.749452462435234338e+03
-1.932651345164049417e+03
-1.393788485303986818e+03
-1.582552760854829103e+03
-1.595719297007191926e+03
-1.753873911992181093e+03
-1.177972403258550912e+03
-1.269438259274233133e+03
-1.276943447545636445e+03
-1.508791540027130395e+03
-1.460834710076916963e+03
-1.667542579755652696e+03
-1.762174952388275415e+03
-2.074337420776952058e+03
-2.294191132143605500e+03
-2.595702590093482286e+03
-2.735337880626786500e+03
-2.524929152966011316e+03
-2.742096122995484620e+03
-2.846515910596121103e+03
-2.978570752278435975e+03
-2.275720713958609849e+03
-2.376494209707248956e+03
-2.314527942613232881e+03
-2.434012672916520387e+03
-2.022961938113439828e+03
-2.100898132265079767e+03
-2.102454107508528978e+03
-2.365583545908797532e+03
-2.447453897059429437e+03
-2.681029180422890931e+03
-2.757238183692563325e+03
-2.898408755004871637e+03
-3.095808984950650483e+03
-3.296759551719296724e+03
-3.403194395348895341e+03
-2.878820747867692262e+03
-3.009532218873966485e+03
-2.973665725082624704e+03
-3.056111806512344629e+03
-2.337717050284612924e+03
-2.358176170155871660e+03
-2.277114848360884935e+03
-2.407826319352257997e+03
-2.184655570209491998e+03
-2.295408391058910638e+03
-2.302433804110158235e+03
-2.569113579333294183e+03
-2.698385724604595453e+03
-2.932920558453071862e+03
-2.989554731697309762e+03
-2.840461280256975442e+03
-2.994681738198269159e+03
-3.056401529044378549e+03
-3.113611432612407953e+03
-2.365086790979374200e+03
-2.412221414417494088e+03
-2.282318972737062722e+03
-2.325327529073227197e+03
-1.736855908960569650e+03
-1.742633906364906579e+03
-1.667521797568071634e+03
-1.857341578633058816e+03
-1.805354636610019952e+03
-1.969170599461067468e+03
-1.977539383203256875e+03
-2.158723209918010980e+03
-2.290490186393726617e+03
-2.453922329038847238e+03
-2.493860323846805841e+03
-2.022261953235138208e+03
-2.109697697192896158e+03
-2.034969408631790429e+03
-2.054948753208387643e+03
-1.232346813887823373e+03
-1.213848183930385858e+03
-1.074925967663992196e+03
-1.143170701832044870e+03
-7.548613136415369809e+02
-8.195557110016234219e+02
-7.739018021528609097e+02
-1.025804499865043908e+03
-1.084453729182947427e+03
-1.286747666597831994e+03
-1.295596225500572473e+03
-1.253780518681276590e+03
-1.374608619630802423e+03
-1.418384816349018365e+03
-1.432990678221452981e+03
-7.049044619803316891e+02
-7.336157160406000912e+02
-5.763660854403860867e+02
-5.828157681827433407e+02
1.359628083105199039e+02
1.486081803138367832e+02
2.516432083244435489e+02
8.610005462123081088e+01
2.545764259393326938e+02
1.027548441882245243e+02
1.130013399715535343e+02
-1.395730430786497891e+02
-2.485027179722674191e+02
-4.203789049689657986e+02
-4.401663394276984036e+02
-9.609222871111705899e+01
-1.868863993589766324e+02
-1.191628293101675808e+02
-1.235974560384638608e+02
7.191550435121171176e+02
7.242199666793458164e+02
8.677480252976529300e+02
8.100583464796654880e+02
1.316584354906808585e+03
1.241047037004958838e+03
1.284973754912149161e+03
1.008410609662067145e+03
9.910220513935200870e+02
7.658908123369328678e+02
7.478305686707608402e+02
6.350626918072812259e+02
4.979222325379960239e+02
4.144206455941312015e+02
3.875325375194661319e+02
1.001816065758001059e+03
9.386569491620175540e+02
1.066256469726096839e+03
1.044262069075834006e+03
1.816199742614757270e+03
1.796028487950097769e+03
1.874978798657190055e+03
1.692163736104499549e+03
1.943449314593803138e+03
1.755260769336950034e+03
1.732786593466531485e+03
1.391837610452901572e+03
1.263429060667287558e+03
1.028030631362926215e+03
9.751387049849145114e+02
1.124903841763269156e+03
9.810465290541760623e+02
9.824651603098027408e+02
9.414716599876992404e+02
1.711874052702914923e+03
1.656871115237008780e+03
1.760481873541604728e+03
1.674389500259887427e+03
2.243574155538808554e+03
2.126872121691238135e+03
2.129730078726541251e+03
1.810562891810666770e+03
1.817642870962154120e+03
1.535802197992336005e+03
1.465158587574493140e+03
1.185237015604507178e+03
9.943617289657704532e+02
8.165363289113156497e+02
7.327468767757527530e+02
1.161165475427638739e+03
1.023641195892821997e+03
1.074860497593414038e+03
9.995150897498242557e+02
1.757251416027080268e+03
1.679123311817180365e+03
1.709808233022224158e+03
1.500893397211562842e+03
1.808504589378368109e+03
1.577040317117702216e+03
1.501790864347945899e+03
1.087532224058639258e+03
9.279382833833806217e+02
6.063722202177159488e+02
4.927407479281537235e+02
4.279503955240361392e+02
2.072330887313000858e+02
1.008942002053372562e+02
-6.212328732479363680e+00
6.294691753978841007e+02
4.936720868940465152e+02
5.382704901094548404e+02
4.102457604999653995e+02
1.007257379948627204e+03
8.564913037414662540e+02
8.145382529492489994e+02
4.730135396118275821e+02
5.107031793589703739e+02
1.855867793555371463e+02
