-3.302854228502139449e+03
-3.355393526177387685e+03
-2.818193093633744866e+03
-2.906907444801181555e+03
-2.823286528259515762e+03
-2.857498411701992154e+03
-2.068511930963024497e+03
-2.072881794018670917e+03
-1.965080204972997308e+03
-2.081141744887456298e+03
-1.783061293974518776e+03
-1.899218788940459490e+03
-1.887947979124262929e+03
-2.172986360454931855e+03
-2.275806104021146894e+03
-2.499241343988105655e+03
-2.538442890165373683e+03
-2.445418379032984376e+03
-2.584796996211633086e+03
-2.624286407535895705e+03
-2.662144583033397794e+03
-1.911732032248750329e+03
-1.953140544554218650e+03
-1.815400980656966567e+03
-1.848269493615254760e+03
-1.204367046682164073e+03
-1.222554436383768916e+03
-1.151503630643710494e+03
-1.353348983844742179e+03
-1.259268966397270560e+03
-1.440483984081074595e+03
-1.453393846092745662e+03
-1.696499870298430324e+03
-1.825323431326076388e+03
-2.002412381915375590e+03
-2.042861342942342162e+03
-1.643932135304436088e+03
-1.742433900883421302e+03
-1.677332308171316981e+03
-1.699261944768950343e+03
-8.643129951637238264e+02
-8.695464532654732466e+02
-7.368925061803311110e+02
-8.120771948900073767e+02
-3.730387768354266882e+02
-4.570513300504535437e+02
-4.221755777280777693e+02
-6.967548579555004835e+02
-7.456478632967919111e+02
-9.636136646997183561e+02
-9.864068967383354902e+02
-1.039138105539605021e+03
-1.171895825130864978e+03
-1.242762538207694888e+03
-1.267570827839896083e+03
-6.007351253759115934e+02
-6.482847615908831358e+02
-5.096816030424088240e+02
-5.227833767067641020e+02
2.335783863235265017e+02
2.305518928039819002e+02
3.274146051127463579e+02
1.636634047497063875e+02
3.835404896754771471e+02
2.232436710763722658e+02
2.283733566720038652e+02
-6.558884496800601482e+01
-1.722467912714928389e+02
-3.673752926122397184e+02
-3.955420089494436979e+02
-1.504287461768835783e+02
-2.560311869513243437e+02
-2.129033020120114088e+02
-2.221668737363070250e+02
6.095196026284247637e+02
5.986247950661927462e+02
7.473991888035088778e+02
7.046473050434142351e+02
1.275719868751242757e+03
1.212817424731329083e+03
1.265540814565494657e+03
1.006794115843251348e+03
1.034281327830627561e+03
8.170831652600318193e+02
8.052288072127848864e+02
6.256450238097459078e+02
4.989324722904711962e+02
3.950572223979979753e+02
3.760062356907874346e+02
9.222264417577534914e+02
8.618188290018588305e+02
9.896750220824033022e+02
9.846334725189954042e+02
1.810274780811741948e+03
1.804945366101339459e+03
1.914090324657037854e+03
1.775479347096756101e+03
2.117795074345543981e+03
1.963159603612497449e+03
1.971167940678074956e+03
1.645252707751467824e+03
1.559800827251747251e+03
1.338668507637456059e+03
1.309350330712273717e+03
1.391148100348189473e+03
1.269425211401656270e+03
1.276569953056052327e+03
1.266730651022866368e+03
2.036718031020835042e+03
2.005480753155425191e+03
2.148785709114745259e+03
2.115725285293534398e+03
2.781889302434399724e+03
2.714956746401265264e+03
2.766240810485556722e+03
2.507110291631892323e+03
2.612608958305791020e+03
2.376315741034224629e+03
2.353234642298892140e+03
2.063494462849572301e+03
1.926130900951102376e+03
1.773414531232789159e+03
1.736515905441716313e+03
2.128344437928870320e+03
2.033872782858088613e+03
2.126225607873871922e+03
2.105543385358527303e+03
2.935598625930026174e+03
2.902154381902888417e+03
2.995754622610285878e+03
2.857527465226128697e+03
3.288409702600911260e+03
3.114007491799071431e+03
3.098890662105754018e+03
2.736800375761464238e+03
2.664110516788437963e+03
2.394328987451270223e+03
2.338431261988356709e+03
2.252787471385672688e+03
2.093546158315613866e+03
2.037648432852700353e+03
1.998350930841639638e+03
2.650793376000598073e+03
2.572442169131711125e+03
2.679476116659119725e+03
2.622235020520165563e+03
3.326493192048743367e+03
3.225208728523924947e+03
3.246650772394612432e+03
2.962859805943444371e+03
3.122573075266554952e+03
2.843004130991175771e+03
2.777606855722144246e+03
2.388745110752061009e+03
2.216741776170209050e+03
1.989180468352511525e+03
1.903824542911723256e+03
2.118903875382617116e+03
1.963116944106295705e+03
1.986286178888753057e+03
1.920601038487628102e+03
2.690108643205836415e+03
2.602065976383164525e+03
2.649607793571427464e+03
2.484992997767403722e+03
2.954353209706023335e+03
2.737538867356255651e+03
2.673868782969191670e+03
2.261881871255114675e+03
2.185257855268195271e+03
1.843893859477713704e+03
1.733877486469224095e+03
1.484918202759698033e+03
1.263593973072245717e+03
1.114427940161898732e+03
1.012855611445382237e+03
1.512729528935626149e+03
1.359821249129250646e+03
1.402085538657382131e+03
1.289766244502738118e+03
1.978767563225701451e+03
1.824515912743285298e+03
1.792702904554083943e+03
1.471873289259150624e+03
1.650009927960112691e+03
1.317569751681759953e+03
1.185867537619546056e+03
7.084392825681716204e+02
4.832768509704619646e+02
1.581292584557086229e+02
2.342327179387211800e+00
3.501111182756721973e+01
-2.019537907522171736e+02
-2.793454471211880445e+02
-4.132546272855252028e+02
2.539648953992873430e+02
9.299639144726097584e+01
7.883911225385963917e+01
-1.281878151278942823e+02
3.401168912965804338e+02
7.695626029558479786e+01
-4.294348272494971752e+01
-5.036755592506378889e+02
-5.988188996892422438e+02
-1.012437047271057963e+03
-1.191061280159279704e+03
-1.582225946275517344e+03
-1.878970844296738505e+03
-2.138677093474194407e+03
-2.322099078861996531e+03
-1.981798407582566142e+03
-2.222313647000119090e+03
-2.264010025231167674e+03
-2.445992684928700328e+03
-1.803145744649693370e+03
-2.008541436223313212e+03
-2.099078934339806437e+03
-2.447447648672387004e+03
-2.274012807397171855e+03
-2.643587587444111705e+03
-2.839291819063946605e+03
-3.381009956745430827e+03
-3.657124519316479564e+03
-4.078610980836674571e+03
-4.302430041758343577e+03
-4.432788885144516826e+03
-4.750547938851639628e+03
-4.939727227179333568e+03
-5.148385390369221568e+03
-4.590074848083779216e+03
-4.827807391075417399e+03
-4.896659048167988658e+03
-5.146385972289368510e+03
-4.691706882802769542e+03
-4.980487511781975627e+03
-5.143375116674229503e+03
-5.623586068181321025e+03
-5.737920418350026011e+03
-6.189824630407616496e+03
