-3.302873211650410667e+03
-3.355419200491858646e+03
-2.818151636275928468e+03
-2.906886752095073462e+03
-2.823313839397393167e+03
-2.857448763741180301e+03
-2.068503850409761071e+03
-2.072840948507189751e+03
-1.965106215801090002e+03
-2.081170511227101088e+03
-1.783063930915668607e+03
-1.899186775082722306e+03
-1.887940167756751180e+03
-2.172948981838300824e+03
-2.275829356146976352e+03
-2.499212223155423999e+03
-2.538478464571759105e+03
-2.445464334284886718e+03
-2.584805003380402923e+03
-2.624330986404791474e+03
-2.662103640401735902e+03
-1.911734408149495721e+03
-1.953183088125661016e+03
-1.815420358287170529e+03
-1.848223432140424848e+03
-1.204389826951548457e+03
-1.222562859075143933e+03
-1.151505777934566140e+03
-1.353305827120319009e+03
-1.259253250883892179e+03
-1.440444762969389558e+03
-1.453433844672515988e+03
-1.696473398992791772e+03
-1.825339845182374120e+03
-2.002445519352331758e+03
-2.042827776255086064e+03
-1.643912141317501664e+03
-1.742410741360858083e+03
-1.677284155460074544e+03
-1.699261754909530282e+03
-8.642788572926074266e+02
-8.695657776240259409e+02
-7.368823570180684328e+02
-8.120920505914837122e+02
-3.730537115652114153e+02
-4.570211716089397669e+02
-4.222180209923535585e+02
-6.967852160278707743e+02
-7.456147735137492418e+02
-9.636479583699256182e+02
-9.863584859613329172e+02
-1.039110072875395417e+03
-1.171858418876305223e+03
-1.242776620516553521e+03
-1.267616732144728303e+03
-6.007277137879282236e+02
-6.483142965529114008e+02
-5.097116445396095514e+02
-5.227599207703024149e+02
2.335391734298318624e+02
2.305090751256793737e+02
3.274345383550971746e+02
1.636549831088632345e+02
3.835496760364621878e+02
2.232156297769397497e+02
2.283296108599752188e+02
-6.561764171160757542e+01
-1.722774064633995295e+02
-3.673631279859691858e+02
-3.955443013850599527e+02
-1.504446991328150034e+02
-2.560589439067989588e+02
-2.128960157725960016e+02
-2.221735525969415903e+02
6.095655427034944296e+02
5.986413261201232672e+02
7.474296381529420614e+02
7.046693999525159597e+02
1.275702024361118674e+03
1.212853470196947455e+03
1.265504498457536101e+03
1.006766616960987449e+03
1.034238581230863929e+03
8.171067948546260595e+02
8.052600650843232870e+02
6.256548786517232656e+02
4.988938430454581976e+02
3.950535016115754843e+02
3.760180320795625448e+02
9.222214501406997442e+02
8.618018108215183020e+02
9.896987631674855947e+02
9.846809066291898489e+02
1.810271329632028937e+03
1.804915557196363807e+03
1.914062246447429061e+03
1.775514447366818786e+03
2.117758726647123694e+03
1.963170885002240539e+03
1.971196765666827559e+03
1.645226922621950507e+03
1.559807572802528739e+03
1.338652883863076568e+03
1.309319453423842788e+03
1.391149929499253631e+03
1.269384459888562560e+03
1.276583840971812606e+03
1.266687691604718566e+03
2.036695766007527709e+03
2.005436686819419265e+03
2.148810291325673461e+03
2.115696457987651229e+03
2.781868624633178115e+03
2.714983252560719848e+03
2.766276116317138076e+03
2.507134074544534087e+03
2.612639613961800933e+03
2.376298035567626357e+03
2.353206204628571868e+03
2.063475492453202605e+03
1.926157410269603133e+03
1.773449699675664306e+03
1.736543416386470199e+03
2.128346639459952712e+03
2.033870448445901275e+03
2.126256313687190413e+03
2.105571165775880218e+03
2.935607697283849120e+03
2.902188329344615340e+03
2.995728741621598601e+03
2.857500843381509185e+03
3.288371786301955581e+03
3.114051858281716704e+03
3.098897765761241317e+03
2.736811177914962173e+03
2.664065531646832824e+03
2.394336890703067183e+03
2.338403401708230376e+03
2.252799257552251220e+03
2.093504663830623031e+03
2.037656476771458983e+03
1.998318127727136016e+03
2.650801103716716170e+03
2.572474017476662993e+03
2.679502515440806746e+03
2.622216911857947707e+03
3.326470330810174346e+03
3.225219510739669204e+03
3.246662553226575255e+03
2.962906325375661254e+03
3.122567538088187575e+03
2.843042638635262847e+03
2.777598870491608977e+03
2.388726059501990676e+03
2.216737920021638274e+03
1.989210349386557937e+03
1.903846450155600905e+03
2.118902856862172484e+03
1.963110885983332992e+03
1.986289781307801604e+03
1.920602951264008880e+03
2.690084731226786971e+03
2.602094747757539153e+03
2.649587319469079375e+03
2.485007367735728621e+03
2.954319763278588653e+03
2.737549682443961501e+03
2.673900151854380965e+03
2.261925307726487517e+03
2.185263168042525649e+03
1.843920493340119720e+03
1.733903502499684691e+03
1.484925011998042464e+03
1.263580228602513671e+03
1.114429431712254882e+03
1.012902711575850844e+03
1.512762827968224883e+03
1.359867757862433791e+03
1.402065226202830672e+03
1.289722039973363280e+03
1.978808294540271163e+03
1.824518373882398009e+03
1.792702856158837676e+03
1.471866292005404830e+03
1.649969433700665832e+03
1.317577882206067443e+03
1.185853866880759597e+03
7.084142647143453360e+02
4.832444450315088034e+02
1.581328854616731405e+02
2.355368768796324730e+00
3.502409786544740200e+01
-2.019264823440462351e+02
-2.793310613874346018e+02
-4.132692699376493692e+02
2.539590992685407400e+02
9.301549485884606838e+01
7.887637997232377529e+01
-1.281654495839029551e+02
3.400949543770402670e+02
7.693371725641191006e+01
-4.297494246996939182e+01
-5.036887082401663065e+02
-5.988568602744489908e+02
-1.012463028037920594e+03
-1.191099551046267152e+03
-1.582215035939589143e+03
-1.878981817269697785e+03
-2.138680549407377839e+03
-2.322094186151400208e+03
-1.981756164157763124e+03
-2.222343120956793427e+03
-2.264026465320959687e+03
-2.446006457233801484e+03
-1.803105357730761170e+03
-2.008508607232943177e+03
-2.099104727232828736e+03
-2.447458275699988008e+03
-2.274049382233992219e+03
-2.643631269300356507e+03
-2.839255783462896943e+03
-3.381022498929873109e+03
-3.657136461043730378e+03
-4.078644559884443879e+03
-4.302468098247423768e+03
-4.432761209571734071e+03
-4.750582246983423829e+03
-4.939694046402350068e+03
-5.148394128346815705e+03
-4.590048255944624543e+03
-4.827786670172587037e+03
-4.896643841350451112e+03
-5.146386821473017335e+03
-4.691712396705523133e+03
-4.980472694301977754e+03
-5.143334480190649629e+03
-5.623629787469282746e+03
-5.737930874908342957e+03
-6.189800869548693299e+03
