-7.118643080337205902e+03
-7.083648699397686869e+03
-6.455556161530083045e+03
-6.456544923985144123e+03
-6.282415722313104197e+03
-6.227366736262803897e+03
-5.347680060298880562e+03
-5.265187930080806836e+03
-5.073019179031020030e+03
-5.103562096358975396e+03
-4.714877405268838629e+03
-4.749930209891637787e+03
-4.655059878462692723e+03
-4.862160086063435301e+03
-4.876774465670576319e+03
-5.017377824416151270e+03
-4.968469961689552292e+03
-4.802688849465688691e+03
-4.853094462295761332e+03
-4.801116037999978289e+03
-4.748657838465413079e+03
-3.911671159548452124e+03
-3.868712509849807248e+03
-3.643823087533703074e+03
-3.594147584410151467e+03
-2.852540223674615845e+03
-2.801713259184500203e+03
-2.651668774181744084e+03
-2.786418874168535694e+03
-2.600103380711516365e+03
-2.714798875482520089e+03
-2.651785619804402813e+03
-2.835664704793831334e+03
-2.886454137036344036e+03
-2.978504240290960297e+03
-2.938808061467250809e+03
-2.478157083356520161e+03
-2.496417754033347592e+03
-2.345125853398581967e+03
-2.283551923440536484e+03
-1.366922553198179230e+03
-1.301894241491099820e+03
-1.103392456823727116e+03
-1.116087734663626179e+03
-5.833745148645248264e+02
-6.225533861832227558e+02
-5.252841780574526638e+02
-7.575246076674666256e+02
-7.271360685841646045e+02
-8.926877392397727817e+02
-8.487695382700767368e+02
-8.678938059078063816e+02
-9.333643622116651386e+02
-9.246616657094564289e+02
-8.783445900694932789e+02
-1.574635210351552814e+02
-1.429075665788259357e+02
6.451803605095483363e+01
1.140975833518896252e+02
9.481096549613866955e+02
9.819525742365512997e+02
1.125568069396773353e+03
9.937925743444357067e+02
1.292759293584385887e+03
1.156473911253968254e+03
1.204326267672935501e+03
9.292898847146425396e+02
8.747582039965782315e+02
7.300287773741874844e+02
7.522611357404384762e+02
1.009103588549653068e+03
9.559152785374317318e+02
1.059517518310109153e+03
1.106314369200030342e+03
1.979955875991145149e+03
2.007753627209225670e+03
2.190998557536164299e+03
2.177151817513862625e+03
2.818774016199866310e+03
2.757141661865869537e+03
2.836083454115549102e+03
2.578894710241118446e+03
2.664073580621043220e+03
2.455342136411229149e+03
2.470953596411505714e+03
2.285155408887425438e+03
2.188019686488667503e+03
2.128978118477622047e+03
2.144013848183909431e+03
2.690736503554740921e+03
2.657123023493448272e+03
2.819449753178516403e+03
2.844656718058744445e+03
3.701122271104017273e+03
3.697158901138463989e+03
3.812851477084914222e+03
3.668889690829673782e+03
4.060836852414766327e+03
3.885977540446678177e+03
3.898038663638988510e+03
3.552187454624334350e+03
3.491226785628357902e+03
3.275490622846642509e+03
3.257901635943213478e+03
3.308248823611298576e+03
3.201709506420651451e+03
3.232865684358635917e+03
3.240416920272866264e+03
4.002750570385018364e+03
3.973167202381649986e+03
4.117070562688866630e+03
4.078563375143567100e+03
4.773056805758038536e+03
4.671315241007367149e+03
4.710531643031397834e+03
4.419086946754017845e+03
4.550995925961295143e+03
4.283539991913596168e+03
4.248103365956107154e+03
3.923170357583323494e+03
3.779496436534682289e+03
3.630640942810336128e+03
3.590214654324809089e+03
3.938310358582297340e+03
3.837528344301739708e+03
3.928272607593098655e+03
3.904926317779580131e+03
4.718787829188862815e+03
4.658498845545807853e+03
4.726693672327557579e+03
4.554425146667519584e+03
4.999435450284043327e+03
4.774391647814074531e+03
4.733101763842860237e+03
4.323536402402678505e+03
4.250965172527590767e+03
3.950884521840373054e+03
3.873131719349185005e+03
3.735023191092768684e+03
3.557669047860661522e+03
3.493253997145453468e+03
3.436899170516291633e+03
4.047623843489447609e+03
3.941660256562987342e+03
4.022617104856530204e+03
3.935652617661515251e+03
4.626019981174031273e+03
4.471119319407502189e+03
4.453338422416010872e+03
4.119193729369202629e+03
4.272500684468308464e+03
3.939795317201176658e+03
3.837573977230349556e+03
3.398262550590792671e+03
3.198550880996743217e+03
2.945584159253397956e+03
2.832423943756381050e+03
2.987649999855319038e+03
2.805114283977309242e+03
2.803261925099650398e+03
2.711307775316992775e+03
3.439577383099356666e+03
3.309241213796893135e+03
3.315257168917218223e+03
3.101056286929408088e+03
3.553455129293957725e+03
3.273812903968850151e+03
3.166793811587849632e+03
2.696105084059992805e+03
2.597050260691205040e+03
2.208211189804831520e+03
2.056189179478446022e+03
1.755244933335343376e+03
1.495945178387919441e+03
1.319550585625926033e+03
1.182689472971716896e+03
1.633361124513903633e+03
1.440942038653651252e+03
1.443983387259999290e+03
1.293304747639456764e+03
1.942891215382376686e+03
1.733584040878573433e+03
1.652952586887637153e+03
1.277451267807045951e+03
1.423753504364052787e+03
1.033091287581482902e+03
8.582319756431970745e+02
3.268037021441850811e+02
6.491316091851331294e+01
-2.972504064159002155e+02
-4.918764584378805012e+02
-5.074503892974462360e+02
-7.809514914767351002e+02
-8.905613701955880970e+02
-1.064077311487635598e+03
-4.385755609886255115e+02
-6.461555445806588978e+02
-7.061566630618181080e+02
-9.667038335816469043e+02
-5.390613937990274280e+02
-8.626510314659681171e+02
-1.032424725802382454e+03
-1.549171876819571480e+03
-1.686800629826029763e+03
-2.148661492826184258e+03
-2.372841699899872765e+03
-2.801789981247624382e+03
-3.140060741426190361e+03
-3.430353977145394310e+03
-3.650504072131356224e+03
-3.343381173731526360e+03
-3.621392163159092888e+03
-3.702215527238091454e+03
-3.923037307562073693e+03
-3.327665442468365654e+03
-3.583894635857781395e+03
-3.721523388864239678e+03
-4.126866728188237175e+03
-4.005992579640587792e+03
-4.432925804974278435e+03
-4.671691179455956444e+03
-5.264530684174736962e+03
-5.585337625385960564e+03
-6.042208825828274712e+03
-6.308993074597558007e+03
-6.458232388498028740e+03
-6.814254832627018914e+03
-7.030182905556401238e+03
-7.279983110667904839e+03
-6.748517308057984337e+03
-7.025088971735676751e+03
-7.138633007408818230e+03
-7.436026916684349999e+03
-7.040337508143624291e+03
-7.381103099526604638e+03
-7.593288925470551476e+03
-8.125964614571770653e+03
-8.299960331083973870e+03
-8.799627483369549736e+03
