-3.785435816442128271e+03
-3.973149339905707166e+03
-3.566843253339407966e+03
-3.790060291367350146e+03
-3.839940361021785066e+03
-4.007503623011289164e+03
-3.357384261135710403e+03
-3.486513385227648541e+03
-3.507358144473982975e+03
-3.743415138019947335e+03
-3.587766432956559584e+03
-3.815835625502048060e+03
-3.929675363329006359e+03
-4.323320158605230972e+03
-4.556418230079812929e+03
-4.904259904180420563e+03
-5.070612196554196998e+03
-5.082051616136683151e+03
-5.349941387125058100e+03
-5.533280563604785129e+03
-5.705941531468881294e+03
-5.087490334619535133e+03
-5.254961313859326765e+03
-5.243522663798881695e+03
-5.402004586484981701e+03
-4.905917137001408264e+03
-5.019886124347103760e+03
-5.055381504338933155e+03
-5.343053476121975109e+03
-5.386345397096825764e+03
-5.647523356457008049e+03
-5.769607339133275673e+03
-6.068138079498661682e+03
-6.311881965790642425e+03
-6.608160919223679230e+03
-6.767106452074600384e+03
-6.446425294142914936e+03
-6.660070874062133953e+03
-6.730496550758136436e+03
-6.872282838840736076e+03
-6.174893784527434036e+03
-6.272588212270988151e+03
-6.232512180049670860e+03
-6.385601737436605617e+03
-6.094285254952264950e+03
-6.219556867387844250e+03
-6.258990187783492729e+03
-6.565601017941487953e+03
-6.714876637418521568e+03
-6.989893641059054062e+03
-7.094909426157129928e+03
-7.155131599132670090e+03
-7.374042954039527103e+03
-7.559405328032327816e+03
-7.685952129808021709e+03
-7.090240986016346142e+03
-7.222204293337417766e+03
-7.178720605102134869e+03
-7.280194933620048687e+03
-6.647936518219066784e+03
-6.682146638584090397e+03
-6.632467495244694874e+03
-6.806811267387820408e+03
-6.702302270632935688e+03
-6.851260971766663715e+03
-6.888670101326657459e+03
-7.142649465751601383e+03
-7.305414238345576450e+03
-7.549688584727002308e+03
-7.632306949612451717e+03
-7.364073098745895550e+03
-7.524159247246338055e+03
-7.571844785389257595e+03
-7.647033849385334179e+03
-6.887483471479965374e+03
-6.930942829278064892e+03
-6.811731263053370640e+03
-6.873877064239932224e+03
-6.406352167111588642e+03
-6.426318034571362659e+03
-6.370159202110720798e+03
-6.575090643179370090e+03
-6.599829454404069111e+03
-6.775365572255803272e+03
-6.794022740316344425e+03
-6.876404819396091625e+03
-7.016409316775156185e+03
-7.160143334594322369e+03
-7.209282424208475277e+03
-6.627148053017212078e+03
-6.700430350092006847e+03
-6.607494185832096264e+03
-6.632592424374772236e+03
-5.857317008715821430e+03
-5.819835717600537464e+03
-5.680918226581765339e+03
-5.753481276583625004e+03
-5.473314053130103275e+03
-5.525516348373843357e+03
-5.474566403877688572e+03
-5.682310416024876758e+03
-5.753804671791149303e+03
-5.930273633864475414e+03
-5.929087486398173496e+03
-5.721090301734162495e+03
-5.817479955536080524e+03
-5.821789846670581028e+03
-5.821466380995465443e+03
-5.015307677042437717e+03
-5.004458784681512043e+03
-4.816656313490821049e+03
-4.801720669549657032e+03
-4.156146968376589939e+03
-4.103153598350239918e+03
-3.969717135381652042e+03
-4.100609850448323414e+03
-3.990946859908057377e+03
-4.095862732392502949e+03
-4.045976890933467075e+03
-4.167667145591927692e+03
-4.241244927269173786e+03
-4.346708043348742649e+03
-4.328610064488602802e+03
-3.798072668564273044e+03
-3.827428555113030598e+03
-3.694763474893523380e+03
-3.656696151655865833e+03
-2.776327866268111393e+03
-2.699246446531964466e+03
-2.501829787743045017e+03
-2.511206900757504627e+03
-2.065346942377043888e+03
-2.070702874761773273e+03
-1.966317470443202183e+03
-2.158787305933190510e+03
-2.159150331091834232e+03
-2.302517594975186512e+03
-2.252873046737862751e+03
-2.151438301217509434e+03
-2.213743232947541401e+03
-2.199336290609790012e+03
-2.155581510645104572e+03
-1.368804361951304600e+03
-1.338849462908459827e+03
-1.123090713155223057e+03
-1.070942706865025684e+03
-2.940781059383880347e+02
-2.221256662427913398e+02
-6.005848087067715824e+01
-1.661874609410297126e+02
6.051214401726610959e+01
-3.180050371284596622e+01
3.735175748472101986e+01
-1.554729898094665259e+02
-2.055094265758525580e+02
-3.187211706161033362e+02
-2.796578159152995795e+02
1.239324265599716455e+02
9.191093524103052914e+01
2.181701081276405603e+02
2.725445831001270562e+02
1.174083062398480251e+03
1.238213595944689587e+03
1.440905937480973080e+03
1.442419734197901562e+03
2.007414708721684292e+03
1.991552208024309948e+03
2.094779018330620602e+03
1.877917109566973522e+03
1.919346514123724774e+03
1.753715722787426785e+03
1.794819551307009533e+03
1.741831307816551998e+03
1.663777373033808544e+03
1.639056389379547909e+03
1.671184145528124645e+03
2.344828710365341976e+03
2.340795966762350872e+03
2.527463188517140225e+03
2.564558674055384472e+03
3.395519198763417080e+03
3.434869340974139050e+03
3.573342243361519650e+03
3.450183977264212444e+03
3.760399772661970928e+03
3.631952956664608791e+03
3.668980499404715374e+03
3.387861171293305233e+03
3.318577096957014874e+03
3.142500535059021786e+03
3.148868993061827496e+03
3.358280296492623165e+03
3.273672381240176037e+03
3.334132622468518093e+03
3.352337244766997173e+03
4.182070242989109829e+03
4.186432910281466320e+03
4.349599244821118191e+03
4.323030230420874432e+03
4.951370746898697689e+03
4.894658581930445507e+03
4.957102950352476910e+03
4.697777084696339443e+03
4.764100159484194592e+03
4.542027242708252743e+03
4.530909123081015423e+03
4.310569159942911938e+03
4.179179697054671124e+03
4.060529479163931683e+03
4.036028962630080059e+03
4.523864909309195355e+03
4.445668816465185955e+03
4.556250249820994213e+03
4.540292286115931347e+03
5.357506424325751141e+03
5.339105325776385143e+03
5.429368915933417156e+03
5.280271769839571789e+03
5.647520484286593273e+03
5.475964398461626843e+03
5.460321457105921581e+03
5.105809793669031933e+03
5.005813567656325176e+03
4.743730323809431866e+03
4.689601185160921887e+03
4.683996287483023480e+03
4.522760792630957440e+03
4.475643552678870037e+03
4.427936128336237743e+03
5.122901947158621624e+03
5.046552684563444927e+03
5.150714523631380871e+03
5.082208924490259960e+03
5.739063464123057202e+03
5.648135007756995037e+03
5.665848750549601391e+03
5.384210355120943859e+03
5.481733380335615948e+03
5.216466881591128185e+03
5.148085056442068890e+03
4.797310234087752178e+03
4.611561978238867596e+03
4.382878863233374432e+03
4.292751617568777874e+03
4.573100396651076153e+03
4.414046069461153820e+03
4.427061804252909496e+03
4.350015555578516796e+03
5.116625241714762524e+03
5.041073605436133221e+03
5.093521318990038708e+03
4.937009941238211468e+03
5.358393725174712017e+03
5.176977262395666912e+03
5.127531431692885235e+03
4.748919876414583996e+03
4.645155429440783337e+03
4.327245164471911266e+03
4.226008521515177563e+03
4.042488145965384319e+03
3.821715764540480450e+03
3.665493060189532116e+03
3.560752172070788220e+03
4.104317925590323284e+03
3.961611605960177258e+03
4.010755330282496288e+03
3.908937440055655316e+03
4.593346633988665417e+03
4.495742174166487530e+03
4.498695653873728588e+03
4.240485365289496258e+03
4.401477314251707867e+03
4.145841278630541638e+03
4.054710786062525585e+03
3.651286013025091961e+03
3.449240034717367962e+03
3.148790789264487103e+03
3.025415616887854412e+03
3.130558412450598553e+03
2.922264860886381939e+03
2.850984190720366314e+03
2.740727269429014996e+03
3.451261303025530651e+03
3.340931074398802593e+03
3.389545195180224255e+03
3.254323140996741131e+03
3.755229929286288098e+03
3.611886993783758953e+03
3.575079562860773876e+03
3.237686721700476483e+03
3.185653384286211804e+03
2.880531161862658337e+03
2.777692314344691113e+03
2.495976664084242657e+03
2.265766250866698101e+03
2.044015238004969433e+03
1.924348004418658093e+03
2.341081904190825298e+03
2.174728269833372906e+03
2.190520750719355419e+03
2.085707123178290203e+03
2.814466794508742169e+03
2.738363914507674053e+03
2.771052659827517346e+03
2.578525324004935101e+03
2.850562488931464031e+03
2.659578516084002331e+03
2.598082502263830975e+03
2.224440035241888836e+03
2.063536880868719891e+03
1.761737506228731945e+03
1.657556072908686474e+03
1.650026920455740765e+03
1.443283004301832989e+03
1.331027566152857617e+03
1.233127609926508740e+03
1.900367104905890301e+03
1.792456268209265545e+03
1.866120993632124737e+03
1.774568425375269726e+03
2.385599538821028545e+03
2.309037217873381451e+03
2.326759224492358044e+03
2.072469769018935040e+03
2.128809676784323528e+03
1.892374384719179943e+03
1.833058824139880016e+03
1.530038464742945507e+03
1.341651972252177075e+03
1.114175955730723217e+03
1.026045991200255230e+03
1.354621816474245861e+03
1.207178032654570416e+03
1.219678471761988476e+03
1.148453872877405956e+03
1.928080057162092999e+03
1.888410502094076946e+03
1.977574363249586895e+03
1.864587162393378094e+03
2.279393246430205181e+03
2.170143735963152722e+03
2.170270319300936535e+03
1.865741689938353375e+03
1.788389725107001141e+03
1.533585788089083508e+03
1.483225133973406628e+03
1.411387509721564129e+03
1.243045648592757061e+03
1.134410223680781201e+03
1.080992718416498974e+03
1.714680907446192577e+03
1.636484445649432018e+03
1.746898801165865734e+03
1.707703475195216015e+03
2.434298582333372906e+03
2.420709280568407848e+03
2.502413919287966564e+03
2.329227376598166302e+03
2.521254780668066815e+03
2.358311064559267834e+03
2.354725621181773022e+03
2.062696677345084026e+03
1.936435807961272076e+03
1.733552817541407421e+03
1.696087276893900707e+03
1.953625636178301647e+03
1.840786151307867840e+03
1.869269917267607525e+03
1.846478260296629742e+03
2.661619929868029431e+03
2.655173615771578625e+03
2.796115006285952404e+03
2.747763762491988018e+03
3.300937489646719769e+03
3.249905712443636730e+03
3.305002450662897900e+03
3.056138537544058636e+03
3.071427189964102581e+03
2.860584463554667309e+03
2.858542980510042980e+03
2.730407368439482525e+03
2.601411452192114666e+03
2.507612584787653759e+03
2.495871512669371441e+03
3.079899180549429730e+03
3.026908899027155712e+03
3.162881968694971874e+03
3.162584467488573864e+03
3.972839779633330181e+03
3.991931933361338452e+03
4.112208428341196850e+03
3.985435929554747418e+03
4.301130263882922009e+03
4.173558867889689282e+03
4.200430121618555859e+03
3.907106171149061993e+03
3.826595356124686077e+03
3.632161593037890270e+03
3.624989331919001415e+03
3.792305657881544903e+03
3.692860253948019817e+03
3.723317599135683849e+03
3.726773337739752606e+03
4.530102123159216717e+03
4.527179439622210339e+03
4.685138274151133373e+03
4.662022727924631909e+03
5.308923477369593456e+03
5.268752612251089886e+03
5.339463340479182079e+03
5.101604998308466747e+03
5.186421815711306408e+03
4.978547259289072827e+03
4.984452639180468395e+03
4.778111114579485729e+03
4.655540538150118664e+03
4.544997608500765637e+03
4.536848191934870556e+03
5.025289116817759350e+03
4.959756759363459423e+03
5.081037039953516796e+03
5.078669055539416149e+03
5.907971843081759289e+03
5.911457058030413464e+03
6.021772008854197338e+03
5.892180373626993969e+03
6.284236132580088452e+03
6.138926522690104321e+03
6.149074768859194592e+03
5.820079001504229382e+03
5.746662505465792492e+03
5.515720844823168591e+03
5.492005690771387890e+03
5.530820607143687084e+03
5.400012701946543530e+03
5.387062815505312756e+03
5.368876754838274792e+03
6.094256645995425060e+03
6.048613186317728832e+03
6.174945075231837109e+03
6.127884492355631664e+03
6.802822998005198315e+03
6.728183572965906933e+03
6.766185319739626721e+03
6.495926013308810070e+03
6.609146831113146618e+03
6.359501444178866223e+03
6.323317926126765087e+03
6.014171688395785168e+03
5.854392034965800121e+03
5.675558633643435314e+03
5.622192748624132946e+03
5.966367330747889355e+03
5.842321468669222668e+03
5.898835283476160839e+03
5.848643862444208935e+03
6.633127448993967846e+03
6.580536115127848461e+03
6.641442157346056774e+03
6.476649350482271984e+03
6.892295193272875622e+03
6.699692746001528576e+03
6.657157424050616100e+03
6.270889125543879345e+03
6.170430395561503246e+03
5.867183191376971081e+03
5.786085758763598278e+03
5.671133904057787731e+03
5.471460160094546154e+03
5.367776107031153515e+03
5.286397632080363110e+03
5.884844906288431957e+03
5.763438001233385876e+03
5.824779694873141125e+03
5.723086146909045056e+03
6.380570672589587048e+03
6.258517904120730236e+03
6.241837519007967785e+03
5.932275466162012890e+03
6.046703968244837597e+03
5.746299420672701672e+03
5.644528313237475231e+03
5.236107693153666332e+03
5.017190557557391003e+03
4.738303320366190746e+03
4.613971350151346996e+03
4.793812954860972241e+03
4.587840725857065991e+03
4.546979978877352551e+03
4.426814223128603771e+03
5.134452755409525707e+03
5.013081417876528576e+03
5.019522082525538281e+03
4.821795650917338207e+03
5.237559838849352673e+03
5.013740310388850048e+03
4.920460826474474743e+03
4.496462972360895947e+03
4.365224815565394238e+03
3.998153629499720410e+03
3.854460432368563488e+03
3.599363054472254589e+03
3.328140701252268627e+03
3.115731770950602368e+03
2.962520352917956188e+03
3.423160205799387768e+03
3.225524967747973278e+03
3.215504480320261791e+03
3.057573466616915539e+03
3.693062259393977001e+03
3.543080070811556652e+03
3.488503573256777599e+03
3.173117867785738781e+03
3.296276211816119030e+03
2.983094913321780041e+03
2.835555420357035473e+03
2.374654164511011913e+03
2.113628124672221020e+03
1.751762119132326916e+03
1.572541957694338635e+03
1.609707711058901623e+03
1.337301972705172375e+03
1.200233375507639721e+03
1.024820516067789868e+03
1.658751380401896313e+03
1.485446228939341381e+03
1.464582697945879772e+03
1.260147003251360729e+03
1.693989007550524548e+03
1.486806283193873242e+03
1.381682195621775463e+03
9.760576016486156732e+02
8.492022900164593011e+02
4.753476372540462762e+02
3.043860345662105829e+02
-3.237713090772740543e+01
-3.370062016665469855e+02
-6.306025381505023688e+02
-8.235002887665759772e+02
-4.728571448742877692e+02
-7.116792426526080817e+02
-7.737334521233569831e+02
-9.585425209223758429e+02
-3.174523052393924445e+02
-4.609721519171725959e+02
-5.064656819521915168e+02
-7.761884680211078376e+02
-6.009031231820117682e+02
-8.632105764567386359e+02
-1.001698493164731190e+03
-1.438479839247418568e+03
-1.690212184113217518e+03
-2.069158808988286182e+03
-2.251476261895848438e+03
-2.299568308871937916e+03
-2.588687361997319385e+03
-2.782822202604962513e+03
-2.966911169213009998e+03
-2.377801479738904163e+03
-2.559274857443524525e+03
-2.568640169185353443e+03
-2.745084193748189136e+03
-2.244731179279042408e+03
-2.386028738897992298e+03
-2.446538021486951038e+03
-2.772164433401776478e+03
-2.831439671200467274e+03
-3.137620825093938038e+03
-3.277467744153691456e+03
-3.615207643789006397e+03
-3.892271459621144459e+03
-4.202174081247998402e+03
-4.376908115786267444e+03
-4.084659294527722523e+03
-4.311147701424313709e+03
-4.386067219775868580e+03
-4.546703856748295948e+03
-3.865025024694157764e+03
-3.968948268574429676e+03
-3.955690297764493152e+03
-4.140617242973996326e+03
-3.856191973131848499e+03
-4.018906894248677418e+03
-4.089644403022481129e+03
-4.438859786075307056e+03
-4.620651688379002735e+03
-4.940902942699147388e+03
-5.067885677260113880e+03
-5.138403204840375111e+03
-5.386235583704663441e+03
-5.576914145153714344e+03
-5.716330455106450245e+03
-5.134042991679860279e+03
-5.275302535694791004e+03
-5.241117555779172108e+03
-5.358385052365018055e+03
-4.747174456757260486e+03
-4.799586601060582325e+03
-4.776004291099263355e+03
-4.992237103980733082e+03
-4.926979362052632496e+03
-5.124498316687298939e+03
-5.187604705256177112e+03
-5.472849655312253162e+03
-5.673666701716138050e+03
-5.937871586483670399e+03
-6.043950222772313282e+03
-5.767203822416020557e+03
-5.938740364712430164e+03
-5.982752360266400501e+03
-6.076363599103642628e+03
-5.329531324070645496e+03
-5.372380098861409351e+03
-5.277303412002278492e+03
-5.367115822833729908e+03
-4.936422683519078419e+03
-4.993350091379834339e+03
-4.970594526928616688e+03
-5.219054338139249012e+03
-5.293689101141644642e+03
-5.521704958242131397e+03
-5.563724744361592457e+03
-5.629634977382374927e+03
-5.802689927381230518e+03
-5.944466688317013904e+03
-6.008072694224072620e+03
-5.410898107212735340e+03
-5.487551744502736256e+03
-5.392341016811085865e+03
-5.434150391858769581e+03
-4.697184572738362476e+03
-4.668356899422360584e+03
-4.558002094310475513e+03
-4.676524813336087391e+03
-4.462444257897092029e+03
-4.564181935590459034e+03
-4.543506476801587269e+03
-4.776498473924351856e+03
-4.889647259277058765e+03
-5.088564753931714222e+03
-5.111516982358647510e+03
-4.847435137671185657e+03
-4.954422951501561329e+03
-4.945024424594594166e+03
-4.960970417541218922e+03
-4.152500282806111500e+03
-4.136821877402020618e+03
-3.968684158962918445e+03
-3.980331267279339954e+03
-3.402595659774495289e+03
-3.385172077935887501e+03
-3.285539558452321216e+03
-3.465357465308858082e+03
-3.429447508615208790e+03
-3.586431346815777943e+03
-3.556609481257153675e+03
-3.637166557949734852e+03
-3.742818263214780018e+03
-3.833753654044819996e+03
-3.829383004468632862e+03
-3.236869493764592335e+03
-3.263020983141614124e+03
-3.118128627222729847e+03
-3.098940688294125721e+03
-2.262200839680386707e+03
-2.187585043948842213e+03
-2.023258434575749561e+03
-2.085796729725552723e+03
-1.736738361161900684e+03
-1.793206802290631458e+03
-1.720418738526059315e+03
-1.938808894079877064e+03
-1.989222714585019276e+03
-2.150525759738637134e+03
-2.118435737889958546e+03
-1.907607750576687977e+03
-1.978770895880414173e+03
-1.935535294455243275e+03
-1.903757993143750355e+03
-1.081428152006817982e+03
-1.043117321771336719e+03
-8.428035865246783942e+02
-8.203863594948779792e+02
-1.366085458218585700e+02
-1.005148193060886115e+02
2.643669517640955746e+01
-1.399554347216617316e+02
-1.941050688619725406e+01
-1.603654065548907965e+02
-1.062479440390598029e+02
-2.448872899233829230e+02
-3.248209926306735724e+02
-4.066724025427829474e+02
-3.775460645377170295e+02
1.506914847672451288e+02
1.280867714465130121e+02
2.773214741528499871e+02
3.119266260445583612e+02
1.182774816471384838e+03
1.247733126241015270e+03
1.411610789376543835e+03
1.349773468810366467e+03
1.787063968974398449e+03
1.715200886088656262e+03
1.785926759678171948e+03
1.534425465065287426e+03
1.502874395924853161e+03
1.325341781455324963e+03
1.357879133063601330e+03
1.457635543662356213e+03
1.371784927445696667e+03
1.395576752501772717e+03
1.421065372663782910e+03
2.182943568187998608e+03
2.191628915387438610e+03
2.369209497290896252e+03
2.372692545253084973e+03
3.099158138591097668e+03
3.101787529903696850e+03
3.201135762649821118e+03
3.001273499685572460e+03
3.166872866231249645e+03
2.988496820765780285e+03
3.011702532011317089e+03
2.778251386719988659e+03
2.673537995773600414e+03
2.541686801868723705e+03
2.542483647304819897e+03
2.941373942810343578e+03
2.870380669432925060e+03
2.969015072423266247e+03
2.969475220161722973e+03
3.804469540911959484e+03
3.814484958607004955e+03
3.935351438719080761e+03
3.837826652485178784e+03
4.312619740563677624e+03
4.192393069821642712e+03
4.218774627047823742e+03
3.907237390118883923e+03
3.860761761862086132e+03
3.623775717932032421e+03
3.609113428312586620e+03
3.559330191332148388e+03
3.417243175345705822e+03
3.366952396470354870e+03
3.339942570763872936e+03
3.982269203263567761e+03
3.923216230469988659e+03
4.039247792202280834e+03
3.991009071785258129e+03
4.712336179691599682e+03
4.662415663319872692e+03
4.707239366370486096e+03
4.465046068507479504e+03
4.648350828367518261e+03
4.415763676840113476e+03
4.379833305555628613e+03
4.047019582945154980e+03
3.889957816678332165e+03
3.669877015429781750e+03
3.611369587737368420e+03
3.846666030722903088e+03
3.699226082998560742e+03
3.711482288557337597e+03
3.650760029274271801e+03
4.408929501134203747e+03
4.348608385998057202e+03
4.416373556453036144e+03
4.280259267646120861e+03
4.766308104473398998e+03
4.608147891479777172e+03
4.582574117618845776e+03
4.223247846084879711e+03
4.157000997382448986e+03
3.856961101132677868e+03
3.781002668935107067e+03
3.585534612971590832e+03
3.378177126842783764e+03
3.227921416002558544e+03
3.134353797394083813e+03
3.637724909740732983e+03
3.504293239671038464e+03
3.548212561446474865e+03
3.445325882750796154e+03
4.148649296003626660e+03
4.059451825577067211e+03
4.060536975461291149e+03
3.803852596956538036e+03
4.004652789908694103e+03
3.744953165608691052e+03
3.661084889966296032e+03
3.263083527404116467e+03
3.062255921679781750e+03
2.760384896951960400e+03
2.648661299544619396e+03
2.729980647760676220e+03
2.515224578696535900e+03
2.438298455554293469e+03
2.323313387948321179e+03
3.000490186530398205e+03
2.884956903415964916e+03
2.919643339592264965e+03
2.766516450482653454e+03
3.274513528662966564e+03
3.118614461499499157e+03
3.068788886386202648e+03
2.708591125088976696e+03
2.650363978582667187e+03
2.327254828649805859e+03
2.213951592165278271e+03
1.920418653446482494e+03
1.674292247134493664e+03
1.440264071542071179e+03
1.303979179221438244e+03
1.688059178549097851e+03
1.506261823850916699e+03
1.494260917025851086e+03
1.362289855319308117e+03
2.064291965800570324e+03
1.966122605162905529e+03
1.964351921397494152e+03
1.737387581187533215e+03
1.986983967620180920e+03
1.754628639537142590e+03
1.666524379807757214e+03
1.265949835854815319e+03
1.063058646279620007e+03
7.304399843991268426e+02
6.036653829396236688e+02
5.778819542706478387e+02
3.367993608296383172e+02
2.009403625309932977e+02
6.724657853250391781e+01
6.866772030175197870e+02
5.536274846375454217e+02
5.868022483170498163e+02
4.472260349572170526e+02
1.014159267264651135e+03
9.022736757576931268e+02
8.744766202748287469e+02
5.683707881749141961e+02
5.688307081044185907e+02
2.821721077740658075e+02
1.796349993527401239e+02
-1.416983493983279914e+02
-3.787507490336429328e+02
-6.453707269846927375e+02
-7.766834150969516486e+02
-4.695833360373508185e+02
-6.566759463965427130e+02
-6.899371048628818244e+02
-8.098877169310580939e+02
-8.558395830984227359e+01
-1.631897260367404670e+02
-1.255393184840213507e+02
-2.913782605349551886e+02
4.944239910249598324e+01
-1.124982227503787726e+02
-1.583460611521732062e+02
-5.073291582285892218e+02
-6.606299895464908332e+02
-9.633308166682254523e+02
-1.059749085587216541e+03
-1.136538585346890613e+03
-1.355837532204343006e+03
-1.503711948078824207e+03
-1.614042053860379383e+03
-1.020959799927426502e+03
-1.133421479386044666e+03
-1.076626452845288441e+03
-1.177228839796734974e+03
-5.216887335001956671e+02
-5.725998286425601691e+02
-5.467542761981021613e+02
-7.734901723086368293e+02
-6.726011356532108039e+02
-8.898987483202945441e+02
-9.444951054274570197e+02
-1.246134312790585682e+03
-1.436747900646878406e+03
-1.686661158245755360e+03
-1.773917472046567127e+03
-1.509338756245328113e+03
-1.668760183018399402e+03
-1.688575411719037220e+03
-1.766430461329175159e+03
-1.007653363627148792e+03
-1.048456399363232777e+03
-9.555613192736636847e+02
-1.056510477942181751e+03
-6.017004565417300910e+02
-6.896151022135745734e+02
-6.767846361815463752e+02
-9.628217603384982795e+02
-1.037306716126156971e+03
-1.286103670281125233e+03
-1.332561084431363270e+03
-1.433391112965298817e+03
-1.608165774983121082e+03
-1.737722931784344837e+03
-1.804181732100201771e+03
-1.224703207892132923e+03
-1.303572812956525013e+03
-1.215267358225537464e+03
-1.269307312411023304e+03
-5.264592684924136847e+02
-5.286888193308841437e+02
-4.505915261923801154e+02
-6.122085048377048224e+02
-4.006295978247653693e+02
-5.608131601035129279e+02
-5.657823502242099494e+02
-8.466360212981235236e+02
-9.866913606345187873e+02
-1.207628401201916859e+03
-1.247055210035992786e+03
-1.025130563181592152e+03
-1.155446546477032825e+03
-1.153358864229870960e+03
-1.191268653315259144e+03
-4.133552645861636847e+02
-4.272083319842349738e+02
-2.964364315688144416e+02
-3.558066698729526252e+02
2.006470406830776483e+02
1.547755649865139276e+02
2.057298377335537225e+02
-4.545956818456761539e+01
-4.561509863729588687e+01
-2.619821213900577277e+02
-2.758329981982242316e+02
-4.130772012888919562e+02
-5.583129824816714972e+02
-6.781783279597293586e+02
-7.155559953867923468e+02
-1.735224832713138312e+02
-2.410664238154422492e+02
-1.418008219420444220e+02
-1.719024097144138068e+02
6.201856139481533319e+02
6.293843010247219354e+02
7.266725867569912225e+02
5.882885726273525506e+02
8.853952062905300409e+02
7.399297285855282098e+02
7.523344407856930047e+02
4.604257570088375360e+02
3.441335712254513055e+02
1.250671382725704461e+02
1.014057884991634637e+02
2.471547241986263543e+02
1.160952177823055536e+02
1.115744007409084588e+02
7.903850396280176938e+01
8.300732925713527948e+02
8.061587608635891229e+02
9.325536673844326288e+02
8.721194198906887323e+02
1.485837807494448498e+03
1.433800921517657116e+03
1.478568342286394909e+03
1.218273848134325817e+03
1.261042172509478405e+03
1.031920782166766003e+03
1.008460291940020397e+03
8.017712231457699090e+02
6.459635430157650262e+02
4.949902547181118280e+02
4.475021909058559686e+02
9.032580350220669061e+02
8.044120863259304315e+02
8.733832190812099725e+02
8.255430601418484002e+02
1.610250779944704846e+03
1.587561045962618664e+03
1.661731784421252087e+03
1.504116009789751843e+03
1.842747354584978893e+03
1.671392344075487927e+03
1.658030531483935192e+03
1.319943615037249401e+03
1.190627077657030895e+03
9.313268936455715448e+02
8.781343706429470330e+02
9.068342407525051385e+02
7.357631777108181268e+02
6.775197437584865838e+02
6.075510638535488397e+02
1.280487140017794445e+03
1.206976721125887707e+03
1.289114422875689343e+03
1.192323337632464245e+03
1.817662705498980358e+03
1.729080790597246960e+03
1.732917808133410290e+03
1.439674948293017223e+03
1.493255468922900036e+03
1.220584425288485363e+03
1.151810767966555431e+03
8.534544542611110955e+02
6.513450363457668573e+02
4.273806851685512811e+02
3.344540050805080682e+02
6.619137204468715936e+02
4.984673178971279413e+02
5.005596738636959344e+02
4.027182431996334344e+02
1.138651075917528942e+03
1.061909132081316784e+03
1.092763920384692028e+03
9.026520291150081903e+02
1.253831745225237682e+03
1.051026156264590099e+03
9.913846915543545038e+02
6.020602267563808709e+02
4.428838003457058221e+02
1.230451634705532342e+02
1.452769072656519711e+01
-9.039119212026707828e+01
-3.218689743697177619e+02
-4.688335041224490851e+02
-5.986845063387881964e+02
-3.298421756620518863e+01
-1.739096998393069953e+02
-1.529977440058719367e+02
-2.958970460116397589e+02
3.223150525868404657e+02
2.009414838135708123e+02
1.624583538353908807e+02
-1.488695780455600470e+02
-9.201357237691991031e+01
-3.978826848685275763e+02
-5.153716909110080451e+02
-8.933960959136020392e+02
-1.147917514485074207e+03
-1.455742566031171009e+03
-1.601969898623181507e+03
-1.415251267832471058e+03
-1.646489543837262318e+03
-1.725985674303723499e+03
-1.879038647097302601e+03
-1.204261814039899036e+03
-1.330679699581814930e+03
-1.333188348454190418e+03
-1.539861973446561024e+03
-1.171582017582608387e+03
-1.375277697724057361e+03
-1.467557254952145740e+03
-1.873252995651913807e+03
-2.046648087185574695e+03
-2.406169201773358509e+03
-2.560944510382367298e+03
-2.777761979025555775e+03
-3.058553839606000111e+03
-3.297286008757306263e+03
-3.475851006907178089e+03
-3.017995232504559681e+03
-3.214375218075467274e+03
-3.248070534867001697e+03
-3.422672321003628895e+03
-2.799705685776425526e+03
-2.928016101044369861e+03
-2.977168830555630848e+03
-3.264969813984585926e+03
-3.178994238537503406e+03
-3.469232482355786487e+03
-3.604709862154675648e+03
-4.013586292666150257e+03
-4.291911667746258900e+03
-4.651391323965741321e+03
-4.826694294851971790e+03
-4.759223917406750843e+03
-5.029202368897153065e+03
-5.178418457192135975e+03
-5.361827334564877674e+03
-4.736258861702634022e+03
-4.886482993286801502e+03
-4.893741311234189197e+03
-5.086988877934170887e+03
-4.662667372864438221e+03
-4.821168248099042103e+03
-4.902919872683240101e+03
-5.263441090029431507e+03
-5.403410769861890003e+03
-5.744027311724377796e+03
-5.902976003092480823e+03
-6.175417425554944202e+03
-6.465777481001568958e+03
-6.760093023461056873e+03
-6.946260215920163319e+03
-6.573118447941495106e+03
-6.787751299065304920e+03
-6.850934895199490711e+03
-7.021981799763394520e+03
-6.366968561810208485e+03
-6.471219929140759632e+03
-6.481766535204602405e+03
-6.701968323153210804e+03
-6.530777812403393909e+03
-6.743288390558911487e+03
-6.843470236700726673e+03
-7.213791003626538441e+03
-7.459478408735943958e+03
-7.803940836113644764e+03
-7.959719806832028553e+03
-7.962943954628659412e+03
-8.221647072952939197e+03
-8.401954940003110096e+03
-8.569868892353726551e+03
-7.966858652275754139e+03
-8.101147170942975208e+03
-8.084168289107037708e+03
-8.232769882601452991e+03
-7.700534309786511585e+03
-7.779803800505353138e+03
-7.799202423971844837e+03
-8.061008438509656116e+03
-8.102888637465192005e+03
-8.359938510578824207e+03
-8.466483516854001209e+03
-8.729454719704343006e+03
-8.976437623184872791e+03
-9.262693521660519764e+03
-9.403241983097745106e+03
-9.079856908005429432e+03
-9.266416605871869251e+03
-9.321705480498028919e+03
-9.446495796602917835e+03
-8.734063787382794544e+03
-8.788291674536420032e+03
-8.724292271059704944e+03
-8.853935520571423694e+03
-8.537593132418347523e+03
-8.637603560131741688e+03
-8.656906462830258533e+03
-8.939417180222226307e+03
-9.095033389252377674e+03
-9.363860257309628651e+03
-9.452548048180295154e+03
-9.480391576451016590e+03
-9.681770156305981800e+03
-9.843625950735760853e+03
-9.951035629671765491e+03
-9.346446026247693226e+03
-9.431846208971692249e+03
-9.368332970541669056e+03
-9.446841526430798694e+03
-8.775427090567303821e+03
-8.768771299999905750e+03
-8.696851540249539539e+03
-8.845744928044034168e+03
-8.737644264382077381e+03
-8.884707976025296375e+03
-8.903138791245175526e+03
-9.124107135456753895e+03
-9.291140127104474232e+03
-9.519614190024090931e+03
-9.579318754118634388e+03
-9.287384474676800892e+03
-9.415522657793713734e+03
-9.430688096445752308e+03
-9.482691576403332874e+03
-8.704066718500806019e+03
-8.696083985012723133e+03
-8.552129796665860340e+03
-8.593303411167813465e+03
-8.098115851563168690e+03
-8.094421261948300526e+03
-8.021569360417081043e+03
-8.212503358524991199e+03
-8.245636877936078236e+03
-8.424097434443188831e+03
-8.428303645533276722e+03
-8.471302801054669544e+03
-8.599245185297681019e+03
-8.715490951460553333e+03
-8.743954374712659046e+03
-8.143397184771252796e+03
-8.174366549175931141e+03
-8.057932426136685535e+03
-8.061542062920285389e+03
-7.256993334931088611e+03
-7.183076165360165760e+03
-7.027801465672207996e+03
-7.087034295242978260e+03
-6.807010196131421253e+03
-6.865362510603619739e+03
-6.799662528914166614e+03
-6.988310075205517933e+03
-7.071309045237256214e+03
-7.237353689116192982e+03
-7.218500503462506458e+03
-6.978625902098370716e+03
-7.052057560604764149e+03
-7.024831248921109363e+03
-7.010664369744015858e+03
-6.195609952610684559e+03
-6.142955230396939442e+03
-5.943313936394406483e+03
-5.922001919907284901e+03
-5.258471019667340443e+03
-5.193381316584302112e+03
-5.055537516039563343e+03
-5.188403224867535755e+03
-5.094777542513562366e+03
-5.214856052797986194e+03
-5.155761174124432728e+03
-5.240025890749646351e+03
-5.314400941532803699e+03
-5.399440514248562977e+03
-5.368216184776974842e+03
-4.821430795353604481e+03
-4.826457098644925281e+03
-4.681424019974423572e+03
-4.638673371475888416e+03
-3.753986932676983997e+03
-3.656361416739178821e+03
-3.460075005930615589e+03
-3.477930225294781849e+03
-3.042174185675336048e+03
-3.064437381190015003e+03
-2.955656657618237659e+03
-3.145962678831769153e+03
-3.167743855637265369e+03
-3.309281765621853992e+03
-3.250468614262295887e+03
-3.113045911472989246e+03
-3.167713503044797108e+03
-3.134514967125607654e+03
-3.093099776428891346e+03
-2.314827428978634998e+03
-2.263787074965192005e+03
-2.057688217562390491e+03
-2.020750650328351185e+03
-1.246159734171582386e+03
-1.178306954306317493e+03
-1.028594069403363392e+03
-1.153874732416821644e+03
-9.531624118506442755e+02
-1.070577507179928944e+03
-9.980680143057834357e+02
-1.160192036312771961e+03
-1.224756069821072742e+03
-1.326764523190213367e+03
-1.283396234196377918e+03
-8.651372038542758673e+02
-8.928112940012943000e+02
-7.698559698283206671e+02
-7.304620899378787726e+02
1.481505237400997430e+02
2.159446497738827020e+02
3.990658684552181512e+02
3.717380338490474969e+02
9.162930081665981561e+02
8.771929171860683709e+02
9.741477907479275018e+02
7.465543430626858026e+02
7.578259785950649530e+02
5.873588741600979120e+02
6.314781359017360955e+02
6.185175078690517694e+02
5.349504509747494012e+02
5.164201198399532586e+02
5.346750679791439325e+02
1.191180675584124401e+03
1.189832161027239636e+03
1.349860389787005261e+03
1.356267073708819225e+03
2.166475222903536633e+03
2.192345209437655285e+03
2.307370519954012707e+03
2.155604998904513195e+03
2.434331572848604992e+03
2.278588356334017590e+03
2.317202917891787365e+03
2.059221207934664562e+03
1.966463374692248181e+03
1.797469541150378063e+03
1.805044359761523083e+03
2.035647989827441052e+03
1.943857748109148815e+03
1.992756906110094860e+03
1.984916959840105847e+03
2.777581382113741711e+03
2.777469717818545178e+03
2.910757299262331799e+03
2.845698110896395519e+03
3.449178691226290539e+03
3.371526281672762707e+03
3.421540324527071789e+03
3.146163827258395031e+03
3.178891232568072155e+03
2.949293873864458874e+03
2.941142659741686657e+03
2.765098719197558239e+03
2.622841017323778942e+03
2.507067271786974743e+03
2.469112164098070934e+03
2.947483589488314465e+03
2.864531964618014172e+03
2.944303897219942883e+03
2.894616562682436779e+03
3.682784175235079601e+03
3.651720951873110607e+03
3.716118735152529553e+03
3.537549403029726818e+03
3.873192940789507702e+03
3.678319128114031628e+03
3.664938539105700329e+03
3.326045229035662487e+03
3.198012740212725475e+03
2.943740338879870251e+03
2.894114785748766735e+03
2.922412293273257092e+03
2.754624762374209240e+03
2.700345711547182873e+03
2.628866735774325207e+03
3.291414980727480724e+03
3.214237572509096935e+03
3.289095217543886974e+03
3.184648391085909680e+03
3.820859558659838513e+03
3.717825750428484753e+03
3.721300113278673962e+03
3.424069092351244763e+03
3.488503526288317516e+03
3.213234885293291882e+03
3.150367699223803356e+03
2.843678570586489514e+03
2.646008052188204601e+03
2.424482970553683117e+03
2.330749767619417980e+03
2.620044187384890392e+03
2.460294912654208019e+03
2.452626718360232189e+03
2.351134041148470715e+03
3.092613548833178356e+03
3.014931826669024304e+03
3.048426374036120251e+03
2.869298653203295544e+03
3.266462384778307751e+03
3.071015681821154431e+03
3.024980982381151989e+03
2.655126063424395397e+03
2.521839883166598156e+03
2.211352008658694103e+03
2.119039337474154308e+03
1.979973276931094006e+03
1.759209288436220959e+03
1.607842223483370617e+03
1.490518913108156994e+03
2.019173589307116345e+03
1.887160201627062634e+03
1.916273526269244030e+03
1.790606454926775768e+03
2.466809980469988659e+03
2.370494202214526013e+03
2.363667160111712292e+03
2.096736517506884411e+03
2.231077865439699963e+03
1.964788582640932873e+03
1.883190958815859631e+03
1.518170688945101574e+03
1.303670707064913586e+03
1.015960396128939465e+03
9.006915334046352655e+02
1.032778968411730602e+03
8.325682183087337762e+02
7.587276321232784539e+02
6.382303386509884149e+02
1.333918472844408825e+03
1.236500909405993298e+03
1.276948730546282604e+03
1.129142028886126354e+03
1.620976549464510754e+03
1.476224654513644055e+03
1.444837236720370129e+03
1.112754539328860119e+03
1.034735966521548107e+03
7.339594467461574823e+02
6.435952533066738397e+02
4.100334478199947625e+02
1.854631696522701532e+02
-1.974118463392369449e+01
-1.389126834094058722e+02
2.818648978054989129e+02
1.369999643147457391e+02
1.453053336918819696e+02
3.130529840593226254e+01
7.636214736283291131e+02
7.003313806832302362e+02
7.302661855996120721e+02
5.365878694832790643e+02
7.935082839310634881e+02
5.934899242699611932e+02
5.450003464997280389e+02
2.003881645977962762e+02
2.567967088823206723e+01
-2.613963727175723761e+02
-3.496524247347842902e+02
-3.210025180994998664e+02
-5.128741630732547492e+02
-6.111928624331485480e+02
-7.082825302302371711e+02
-4.729799954290501773e+01
-1.300989333807956427e+02
-5.757624499197117984e+01
-1.549153062521945685e+02
4.632316788018215448e+02
3.942793997109401971e+02
4.175889490426052362e+02
1.666244560063350946e+02
2.038875227749813348e+02
-3.401683513517491519e+01
-8.002428428526036441e+01
-3.395056380450259894e+02
-5.226574968516360968e+02
-7.295809601962100714e+02
-8.084009713351260871e+02
-4.667335483252536505e+02
-5.896696960150729865e+02
-5.753539473235141486e+02
-6.466596023261081427e+02
1.395629170716274530e+02
1.179652398407924920e+02
2.081736720383632928e+02
9.623523052339442074e+01
5.093447190106380731e+02
3.930039411366451532e+02
4.065527697384823114e+02
1.206754790127743036e+02
2.775626047258265316e+01
-2.155915259539615363e+02
-2.490620001971255988e+02
-2.870688749968539923e+02
-4.412036844908725470e+02
-5.311255032240878791e+02
-5.817240649878513068e+02
4.345970376138575375e+01
-8.286107701016589999e+00
9.964336665277369320e+01
5.426666553621180356e+01
7.962799578488338739e+02
7.918781176388729364e+02
8.759630552113521844e+02
7.034488244832027704e+02
8.862207299054134637e+02
7.161037178814876825e+02
7.249176007092464715e+02
4.680071910202968866e+02
3.410995443642605096e+02
1.542654627144802362e+02
1.274304750740993768e+02
3.921892231286037713e+02
2.957876742661464959e+02
3.240313652337063104e+02
2.979305597126949579e+02
1.107061064320849255e+03
1.113765160161303356e+03
1.250854591447161511e+03
1.197177461701678112e+03
1.758716959554003552e+03
1.700589252549456432e+03
1.765653953629778698e+03
1.526831076937960461e+03
1.527961568671511486e+03
1.323550009089754894e+03
1.335030919867800549e+03
1.232549098330782726e+03
1.110294651347445324e+03
1.026824662524508312e+03
1.011050199109362438e+03
1.569907845574663952e+03
1.531407180863665417e+03
1.652111256676958874e+03
1.635479423123644665e+03
2.454141748029040173e+03
2.474924722749041393e+03
2.588941550809191540e+03
2.456928895789431408e+03
2.773319671469973400e+03
2.634086744147585705e+03
2.671105097609804943e+03
2.405296948272036389e+03
2.316979079562472180e+03
2.130695392924593762e+03
2.130395021754549816e+03
2.290145259457873181e+03
2.193027632314013317e+03
2.210462089616106823e+03
2.198353531438158825e+03
2.969381366807268932e+03
2.966714056092547253e+03
3.108261239129351452e+03
3.067279968577669933e+03
3.725752063113497570e+03
3.676513141471194103e+03
3.749973072367953137e+03
3.515951409179018810e+03
3.592256403285311535e+03
3.386150110560702160e+03
3.400533374625490978e+03
3.212104638177203014e+03
3.086955808240221813e+03
2.972261217671679333e+03
2.951739585000323132e+03
3.392388863164233044e+03
3.325096822339342907e+03
3.414312924462603405e+03
3.383608929473208264e+03
4.204913438636111096e+03
4.201141321021365002e+03
4.297352484542177990e+03
4.158973325568484142e+03
4.562452221709536389e+03
4.406065906363772228e+03
4.425231812793063000e+03
4.120054046231554821e+03
4.036116059380816296e+03
3.807807124692248181e+03
3.787426977235125378e+03
3.804708471375750378e+03
3.665609690266894177e+03
3.625853105622576550e+03
3.582236491519259289e+03
4.248480459052370861e+03
4.193320811110781506e+03
4.293216000872896984e+03
4.220767846423434094e+03
4.910968387442873791e+03
4.831372055846499279e+03
4.869124292689608410e+03
4.605643522340105847e+03
4.724905027943896130e+03
4.478652452546404675e+03
4.450777896004961804e+03
4.159174723702715710e+03
3.993870257931994274e+03
3.802019251900957897e+03
3.735973320800112560e+03
4.015506318408297375e+03
3.881361397582339123e+03
3.895666165190981701e+03
3.814089829760836437e+03
4.576211222010897473e+03
4.514454207259463146e+03
4.562694382029818371e+03
4.394855277615832165e+03
4.838591434556292370e+03
4.645990404683398083e+03
4.617806014615343884e+03
4.260732203561114147e+03
4.159757088738726452e+03
3.863938037949847057e+03
3.790596349555300549e+03
3.650976990062044933e+03
3.445514001208590344e+03
3.311834929305361584e+03
3.207859901267336681e+03
3.730434580165194348e+03
3.601207959967898205e+03
3.633960208731936291e+03
3.509404855328844860e+03
4.191994820672320202e+03
4.075888723450945690e+03
4.064072235661791638e+03
3.774519809323595837e+03
3.919450754243182018e+03
3.632547586518572643e+03
3.547632702189730480e+03
3.167097044783877209e+03
2.951680084067629650e+03
2.666448621588991955e+03
2.542642910319613293e+03
2.653649898368166760e+03
2.444982283908175305e+03
2.365441350776003674e+03
2.225483975964831188e+03
2.902709361630724743e+03
2.779060573178576306e+03
2.783603237706469372e+03
2.594666508752154186e+03
3.062992065984057263e+03
2.856711971837328747e+03
2.787947539168642834e+03
2.405506789523409680e+03
2.296616835433291271e+03
1.951405508357333019e+03
1.827844639617251232e+03
1.557912993747042492e+03
1.297049791652010754e+03
1.067338491755770519e+03
9.098754173100460321e+02
1.290673718053149059e+03
1.100605359154986218e+03
1.068206372815417126e+03
9.014708567440975457e+02
1.576780625420855358e+03
1.445484001714037731e+03
1.409129663068102673e+03
1.131848186332033947e+03
1.318152255851076916e+03
1.033129401046084240e+03
9.171168692887295038e+02
5.000962541878689080e+02
2.608814519227016717e+02
-8.651874987478367984e+01
-2.433311585604678839e+02
-2.684373969256412238e+02
-5.232531112849246711e+02
-6.810289005457889289e+02
-8.522558492838870734e+02
-2.516973823725711554e+02
-4.101194333254825324e+02
-4.200654944598209113e+02
-6.027058932005893439e+02
-8.341272608633153141e+01
-2.558144861876498908e+02
-3.228400909125339240e+02
-6.719367424666415900e+02
-7.429993583380710334e+02
-1.077475561779690906e+03
-1.212173230570508167e+03
-1.546565344256116077e+03
-1.818984348219586536e+03
-2.104949757498456165e+03
-2.275079865378094837e+03
-2.000767586630536243e+03
-2.209691563528729603e+03
-2.281215471667004749e+03
-2.450457684200955555e+03
-1.759758896511746570e+03
-1.874903697889996693e+03
-1.885239383143140003e+03
-2.102166727465344593e+03
-1.824567624491406605e+03
-2.045573838633252308e+03
-2.136200754564953968e+03
-2.514717443865491077e+03
-2.720765164774609730e+03
-3.060218568247510120e+03
-3.198225279253674671e+03
-3.299037497919751331e+03
-3.547175136011792347e+03
-3.735955480974866077e+03
-3.889495174807263538e+03
-3.337074592035962269e+03
-3.482587438029004261e+03
-3.474182118338299915e+03
-3.618212902945233509e+03
-3.002032622259808704e+03
-3.100664433401776478e+03
-3.111691406172467396e+03
-3.371333131712628528e+03
-3.336504039686871693e+03
-3.592814449232770130e+03
-3.682551462095929310e+03
-4.003815480154706165e+03
-4.230476622503949329e+03
-4.507515307348920032e+03
-4.635023123663617298e+03
-4.419791054648114368e+03
-4.598141101759625599e+03
-4.667165967863751575e+03
-4.789647938173962757e+03
-4.061157748621655628e+03
-4.130721564692212269e+03
-4.074633457583142444e+03
-4.203029895228100941e+03
-3.779072490137768909e+03
-3.897155826014233753e+03
-3.910868034762097523e+03
-4.197053190630627796e+03
-4.308828835886670277e+03
-4.575844223421765491e+03
-4.645951675814343616e+03
-4.767662574213696644e+03
-4.959645160120679066e+03
-5.124890790384961292e+03
-5.216315584105206653e+03
-4.685576713484479114e+03
-4.779027409475995228e+03
-4.726255887907696888e+03
-4.803506941717816517e+03
-4.064385185164166614e+03
-4.077531660956097767e+03
-4.001668460768414661e+03
-4.152395571631146595e+03
-3.956303728979779407e+03
-4.106466833990765736e+03
-4.114056070250226185e+03
-4.377920045775128528e+03
-4.519726305884076282e+03
-4.740228398245526478e+03
-4.788230732363415882e+03
-4.606265150469494984e+03
-4.724874676150036976e+03
-4.755891520899487659e+03
-4.802747502726269886e+03
-4.032946590822888538e+03
-4.041643765848828480e+03
-3.909001181048108265e+03
-3.947809154909802601e+03
-3.350981075686169788e+03
-3.369266845148755237e+03
-3.290271735590649769e+03
-3.478823227328015491e+03
-3.457674938601208851e+03
-3.634910790842724964e+03
-3.620172210615826771e+03
-3.744837475699139759e+03
-3.862011435431195423e+03
-3.977416839522076771e+03
-3.991919664305401966e+03
-3.485774289053631946e+03
-3.520222597998334095e+03
-3.416004933279706165e+03
-3.420889575880719349e+03
-2.570952042502118275e+03
-2.514691192549420521e+03
-2.359111092489911243e+03
-2.419466398161603138e+03
-2.042187363547040150e+03
-2.106798063200665638e+03
-2.033129413050366566e+03
-2.242183014315320179e+03
-2.292369258326245472e+03
-2.453559686106396839e+03
-2.423481897753430530e+03
-2.287849250239087269e+03
-2.353063053530408069e+03
-2.342354057711316273e+03
-2.321907388132764027e+03
-1.545274809282971546e+03
-1.509408724230481312e+03
-1.321409376543713734e+03
-1.296921426218701527e+03
-5.482227596461307257e+02
-5.050002588450443000e+02
-3.591839303195010871e+02
-4.857358149706851691e+02
-3.250451897799503058e+02
-4.436758584200870246e+02
-3.668435391604434699e+02
-5.112659520327579230e+02
-5.720691613375674933e+02
-6.549845093905460089e+02
-6.154730223834048957e+02
-1.754721020876895636e+02
-1.811137961565982550e+02
-5.133413783903233707e+01
-1.342429344053380191e+01
8.881932555020321161e+02
9.694850130856502801e+02
1.161614070493029431e+03
1.143561266499804333e+03
1.674492568570422009e+03
1.641221208173083141e+03
1.756410890179919079e+03
1.564360260564135388e+03
1.583949730473803356e+03
1.442954109746264294e+03
1.511381952840136364e+03
1.560093937474535778e+03
1.509506525594042614e+03
1.525723517972277477e+03
1.570245223599718884e+03
2.282539871770190075e+03
2.316180442410754040e+03
2.509169589120196179e+03
2.545299719888018444e+03
3.376595049935625866e+03
3.421832810479449108e+03
3.577701659280108288e+03
3.456008213120745495e+03
3.726736420708941296e+03
3.607816726762102917e+03
3.692635663110064343e+03
3.494287281113909557e+03
3.444627630311297253e+03
3.342074598389910534e+03
3.384227817612932995e+03
3.697448644715594128e+03
3.667550779420183972e+03
3.769108409482287243e+03
3.796902662831591442e+03
4.662017392712878063e+03
4.710090056020068005e+03
4.880827158528612927e+03
4.848475370007799938e+03
5.467489857274340466e+03
5.407433128911303356e+03
5.506418976384447888e+03
5.282548238354967907e+03
5.335241924840258434e+03
5.158949206906603649e+03
5.207477539616869763e+03
5.128002558308886364e+03
5.041172538358019665e+03
5.004778791505144909e+03
5.017127372819231823e+03
5.591574254113482311e+03
5.570176938134478405e+03
5.711295672494219616e+03
5.705592237550066784e+03
6.536924558717058972e+03
6.534692840653704479e+03
6.646560899812029675e+03
6.486336957055376843e+03
6.818716114121722057e+03
6.651805332261370495e+03
6.691832255440996960e+03
6.413499787408160046e+03
6.332779041367815807e+03
6.157491948682116345e+03
6.152499222356127575e+03
6.295973313885973766e+03
6.196020738202380016e+03
6.216677661496447399e+03
6.188146452504443005e+03
6.945206450063036755e+03
6.917992321568774059e+03
7.027521998006151989e+03
6.946242682057665661e+03
7.587730954724596813e+03
7.474104790288256481e+03
7.517539645749377087e+03
7.237664096432970837e+03
7.294228764134692028e+03
7.050505913811968639e+03
7.038804573136614636e+03
6.818711068230913952e+03
6.665463157731341198e+03
6.533447486001299694e+03
6.477959568101214245e+03
6.878869447785662487e+03
6.774168121415423229e+03
6.828614814835833386e+03
6.753170664864825085e+03
7.532960348206805065e+03
7.466885051804827526e+03
7.513163308221148327e+03
7.308718441087054089e+03
7.664508198815630749e+03
7.441930324155138806e+03
7.416472294408129528e+03
7.061212984639452770e+03
6.934916969853686169e+03
6.668118083554552868e+03
6.597438397008227184e+03
6.570031398373888806e+03
6.387915906506823376e+03
6.305179905492113903e+03
6.206532414990710095e+03
6.830852845746325329e+03
6.722065921384142712e+03
6.765430456715868786e+03
6.633931434232043102e+03
7.268091884213732556e+03
7.115272006112383679e+03
7.101458342629717663e+03
6.781983496743487194e+03
6.836486718255328014e+03
6.536443307954119518e+03
6.461218770104693249e+03
6.127556058961199597e+03
5.913375725823687389e+03
5.681547377663897350e+03
5.560835884171770886e+03
5.801017999726580456e+03
5.622485289651202038e+03
5.589160920220660046e+03
5.453249336320208386e+03
6.175723289567278698e+03
6.061626715260790661e+03
6.062506560879992321e+03
5.843223508435534313e+03
6.218365310269640759e+03
5.975178083974169567e+03
5.904734186726855114e+03
5.512192498761462048e+03
5.359261420804308727e+03
5.029412717419909313e+03
4.912242833691881970e+03
4.754104988652514294e+03
4.515625549870776013e+03
4.345897224980639294e+03
4.199774521428393200e+03
4.710397988873766735e+03
4.549926574784563854e+03
4.549755905228899792e+03
4.392160975533770397e+03
5.035326821404742077e+03
4.884017420846270397e+03
4.848855117875384167e+03
4.539229538995074108e+03
4.620040508347796276e+03
4.314462411958025768e+03
4.210589507180498913e+03
3.826279291230486706e+03
3.589605224686907604e+03
3.297080750542925671e+03
3.149402298051165417e+03
3.277547739106463268e+03
3.065176092702196911e+03
2.973840113240526989e+03
2.817603863316820934e+03
3.506378491002367809e+03
3.378055729466723278e+03
3.379363038617419079e+03
3.186561700421618298e+03
3.613172650891589001e+03
3.404207250195788220e+03
3.338433862286852673e+03
2.970058328229235485e+03
2.838553858357714489e+03
2.508449453908251598e+03
2.391063390332506970e+03
2.168702169019030407e+03
1.925020192223833874e+03
1.716521506387041882e+03
1.568717399674700573e+03
2.009647520142840222e+03
1.846292733269976452e+03
1.836783717232989147e+03
1.689715565758990124e+03
2.378098507005022839e+03
2.265900164681719616e+03
2.257959209519671276e+03
2.007104435044573620e+03
2.162800179559038952e+03
1.907453338700579479e+03
1.825908827859209850e+03
1.459845157700823620e+03
1.251343298035906628e+03
9.582816949666012079e+02
8.349186702549923211e+02
9.083078294575680047e+02
7.098189702809322625e+02
6.073719030201900750e+02
4.775045152485836297e+02
1.162114509183214977e+03
1.056643498975085095e+03
1.096074779111193493e+03
9.574999805272091180e+02
1.475114226895617321e+03
1.335999744969652966e+03
1.318560552197741345e+03
1.016805986958788708e+03
9.568247667134273797e+02
6.783503533184994012e+02
6.024144869626034051e+02
3.715391646206844598e+02
1.671827383816707879e+02
-3.052400867338292301e+01
-1.398188666522037238e+02
2.703742371380794793e+02
1.410451193631161004e+02
1.524222145855892450e+02
4.801593979005701840e+01
8.030191469967830926e+02
7.455599280179012567e+02
7.936833973706234246e+02
6.198164368451107293e+02
8.869387932599056512e+02
7.036064515889156610e+02
6.765348916829098016e+02
3.623688827336300164e+02
2.137017770588863641e+02
-4.102889959211461246e+01
-1.103985923945438117e+02
-6.134505407209508121e+01
-2.202922052561771125e+02
-2.996028722941409796e+02
-3.799126648127567023e+02
3.125305152714718133e+02
2.482729535878170282e+02
3.367664647877682000e+02
2.561417327702511102e+02
8.807197089970577508e+02
8.104693442166317254e+02
8.528707381070125848e+02
6.192772303402889520e+02
6.562670679867733270e+02
4.382971077740658075e+02
4.149960232556331903e+02
1.924666348278988153e+02
3.926955516939051449e+01
-1.294995412051212043e+02
-1.902518090426456183e+02
1.953769007504452020e+02
1.028455487072933465e+02
1.425997458279598504e+02
8.476814945344813168e+01
8.961120863736141473e+02
8.811782375157345086e+02
9.790475955784786493e+02
8.647009483159054071e+02
1.246143514233874157e+03
1.115866283971117809e+03
1.139265245991991833e+03
8.658016124546993524e+02
7.764249883473385125e+02
5.573601661503780633e+02
5.343027072728145868e+02
5.500945554554928094e+02
4.217356878102291375e+02
3.640632520497310907e+02
3.199886260807979852e+02
9.989432340443599969e+02
9.596484518826473504e+02
1.076369087296770886e+03
1.028749366837786511e+03
1.736992841798113659e+03
1.701169488984392956e+03
1.777189341622637585e+03
1.577819053727434948e+03
1.700851743775652722e+03
1.511299612122820690e+03
1.516050024110125378e+03
1.281753795701311901e+03
1.155780475693987682e+03
9.942612105191219598e+02
9.577335453808773309e+02
1.288591336327837780e+03
1.201910027104662731e+03
1.245129586774157360e+03
1.203783969479845837e+03
2.026597832280443981e+03
2.015531243878649548e+03
2.125423550206469372e+03
2.026678230840014294e+03
2.486598233777331188e+03
2.364216780263232067e+03
2.400169097501086071e+03
2.125995909291552380e+03
2.065783991414355114e+03
1.844988804417895153e+03
1.828207416135119274e+03
1.774993499356554821e+03
1.640497369843767956e+03
1.567318337518023327e+03
1.518443498688982800e+03
2.136394784051226452e+03
2.080366147118853405e+03
2.181241397935198620e+03
2.122659082490252331e+03
2.862124904710100964e+03
2.812902486878680065e+03
2.875920987206744030e+03
2.665283161240862682e+03
2.834867736893938854e+03
2.626102082330035046e+03
2.614036342698382214e+03
2.332199793893145397e+03
2.190048197346972302e+03
1.990969107228564098e+03
1.935450833874987438e+03
2.166474600392626598e+03
2.041435172635363415e+03
2.043860483723925427e+03
1.974746761876391247e+03
2.752358000356005505e+03
2.701952947217272595e+03
2.781399633008288220e+03
2.656347227650927380e+03
3.144299189168261364e+03
2.992403094846056774e+03
2.997969493466662243e+03
2.686095137196825817e+03
2.619111243325518444e+03
2.356798770028399304e+03
2.302421122628496960e+03
2.148584720689104870e+03
1.970301978188799694e+03
1.835750157433794811e+03
1.741831053811358288e+03
2.255905588227557018e+03
2.145083220559405163e+03
2.189989273148821667e+03
2.085542944985674694e+03
2.809531201440142468e+03
2.717931921082781628e+03
2.735921218949602917e+03
2.492308110314654186e+03
2.671402883130358532e+03
2.419454750615404919e+03
2.360868124562548473e+03
2.013993654805468395e+03
1.826656172353075817e+03
1.559902598935412243e+03
1.456525510388659313e+03
1.562344693738268688e+03
1.373983296948717907e+03
1.302934052068041638e+03
1.179221269208239391e+03
1.877152639943407848e+03
1.767287516194628552e+03
1.797433240491198376e+03
1.632126320439623669e+03
2.118078412133501843e+03
1.933653585511492565e+03
1.891749122697161511e+03
1.539847261506365612e+03
1.451941758233355358e+03
1.139470928269671276e+03
1.031410238343523815e+03
7.777906237423885614e+02
5.455424958050716668e+02
3.289260264218319207e+02
1.798829603970516473e+02
5.783735590756405145e+02
4.044242192090023309e+02
3.797329989254940301e+02
2.241482220471370965e+02
9.176298185170162469e+02
7.868557296574581414e+02
7.626717763722408563e+02
5.003359885991085321e+02
6.791159959614742547e+02
4.006329665959347039e+02
2.992916541874874383e+02
-9.519274846906773746e+01
-3.240374187647830695e+02
-6.508538450419437140e+02
-7.984598573863040656e+02
-8.075311359583865851e+02
-1.048690627497388050e+03
-1.195608292978955433e+03
-1.366821086329175159e+03
-7.483074940859805793e+02
-9.052246483981143683e+02
-9.134929894625674933e+02
-1.103332101744366810e+03
-6.106063012301456183e+02
-7.982268857180606574e+02
-8.694418563067447394e+02
-1.225643907469464466e+03
-1.316295889776898548e+03
-1.648405634802533314e+03
-1.790609432142926380e+03
-2.107098966520978138e+03
-2.371477576178265736e+03
-2.652742113989545032e+03
-2.832007019919110462e+03
-2.529188963335705921e+03
-2.741437076014233753e+03
-2.820227510851575062e+03
-3.001129474085522816e+03
-2.322667396944714710e+03
-2.465708674830151722e+03
-2.495968063753796741e+03
-2.738589593332959339e+03
-2.531435008448315784e+03
-2.787098575991345569e+03
-2.895074631136609241e+03
-3.287353127878857777e+03
-3.520106899660779163e+03
-3.861208739680005237e+03
-4.018845644396496937e+03
-4.100773412626935169e+03
-4.354565124434186146e+03
-4.548056959074689075e+03
-4.729847753447247669e+03
-4.163585854452801868e+03
-4.329493213576031849e+03
-4.347602955740643665e+03
-4.528443776053143665e+03
-3.986787612837506458e+03
-4.135722008627606556e+03
-4.189891774100018665e+03
-4.494657771986676380e+03
-4.538603124540997669e+03
-4.833102565687848255e+03
-4.960955818098736927e+03
-5.280208411139203236e+03
-5.530732438486767933e+03
-5.824358152788830921e+03
-5.985223853510571644e+03
-5.737998459261609241e+03
-5.942362463396741077e+03
-6.036630873125744984e+03
-6.197466857355786487e+03
-5.502919032496167347e+03
-5.621141915720654652e+03
-5.611079745691968128e+03
-5.794968848627759144e+03
-5.502304258745862171e+03
-5.682941237848950550e+03
-5.746527008455945179e+03
-6.078719302576733753e+03
-6.257952476423932239e+03
-6.552136590880108997e+03
-6.670431222838116810e+03
-6.771396387022687122e+03
-6.987157863539410755e+03
-7.176844674986554310e+03
-7.319554262083722278e+03
-6.768202351492596790e+03
-6.898396130484296009e+03
-6.892034003180218861e+03
-7.024412258070660755e+03
-6.387600036543561146e+03
-6.467644482535077259e+03
-6.457026407164288685e+03
-6.669674791258526966e+03
-6.608193539065076038e+03
-6.817819063585950062e+03
-6.881711680811597034e+03
-7.155079376620007679e+03
-7.345702112597180530e+03
-7.594832121294690296e+03
-7.691648131769848987e+03
-7.465706838053418323e+03
-7.619427881640149280e+03
-7.684954785746289417e+03
-7.785160327357007191e+03
-7.045551937502576038e+03
-7.106067760866833851e+03
-7.027202609461499378e+03
-7.130940812510205433e+03
-6.698679634970379993e+03
-6.781875439566327259e+03
-6.765936782759381458e+03
-7.008177061957074329e+03
-7.086943783682538196e+03
-7.298917870444012806e+03
-7.343689307135296986e+03
-7.435034762304974720e+03
-7.581894751471234486e+03
-7.728257208746625111e+03
-7.798630422514630482e+03
-7.244602891844464466e+03
-7.314775997084332630e+03
-7.258311347883893177e+03
-7.316717701834393665e+03
-6.561639317911816761e+03
-6.565880212229443714e+03
-6.469573188227368519e+03
-6.584512205523205921e+03
-6.376660119456006214e+03
-6.492898307245923206e+03
-6.471943896692944691e+03
-6.689303261202527210e+03
-6.799244650286389515e+03
-6.980941012781811878e+03
-6.998396042269421741e+03
-6.794254963320447132e+03
-6.884370139521313831e+03
-6.900535416048718616e+03
-6.929161981981946155e+03
-6.143617460173321888e+03
-6.140820938032818958e+03
-5.993040454786969349e+03
-6.020107745093060657e+03
-5.426552274626446888e+03
-5.427325966757489368e+03
-5.331277049940777943e+03
-5.493292776983929798e+03
-5.452254912298871204e+03
-5.590958434981061146e+03
-5.561742759627057239e+03
-5.654600619238568470e+03
-5.737006943625165150e+03
-5.837345301550580189e+03
-5.837894912642193958e+03
-5.306286162775708362e+03
-5.328118695658398792e+03
-5.224243240755749866e+03
-5.218149605196667835e+03
-4.362545634669018909e+03
-4.312889384669018909e+03
-4.148821316164685413e+03
-4.194746585291577503e+03
-3.833625102442456409e+03
-3.887524609011365101e+03
-3.799820818346692249e+03
-3.985791415613843128e+03
-4.025249399584485218e+03
-4.160628797930432484e+03
-4.120683142107678577e+03
-3.975164132994366810e+03
-4.025131186407757923e+03
-4.010712553900433704e+03
-3.993272983473492786e+03
-3.207072894018841907e+03
-3.172420209807110950e+03
-2.987939291876507923e+03
-2.971426924627972767e+03
-2.243282591742230579e+03
-2.207504256170941517e+03
-2.067569866102887318e+03
-2.191100419920636341e+03
-2.041932682913495228e+03
-2.152327392500592396e+03
-2.084159948271466419e+03
-2.215516315859509632e+03
-2.269814026278210804e+03
-2.359951017779065296e+03
-2.328043372553540394e+03
-1.880506618899060413e+03
-1.896480554026318714e+03
-1.783133099001599476e+03
-1.755353709620190784e+03
-8.631725105463992804e+02
-8.071869577586185187e+02
-6.240996088206302375e+02
-6.521735376536380500e+02
-1.691361345469485968e+02
-2.142393964945804328e+02
-1.087266315638553351e+02
-3.062584876238834113e+02
-3.070842570483218879e+02
-4.471885508715640754e+02
-3.997000407397281379e+02
-3.639174889742862433e+02
-4.218456248461734504e+02
-4.281673096835147589e+02
-4.141266879260074347e+02
2.951168833554256707e+02
3.082203789532650262e+02
4.757803116620052606e+02
4.853799076855648309e+02
1.283344638901995495e+03
1.301425439912127331e+03
1.432782898026751354e+03
1.299102309781359509e+03
1.523969222623156384e+03
1.389478813725756481e+03
1.445562359410570934e+03
1.239502298909472302e+03
1.166372883397387341e+03
1.033763349133776501e+03
1.046192699986742809e+03
1.344295780736254528e+03
1.283739967900561169e+03
1.350915147382067516e+03
1.347591900426195934e+03
2.193936600285815075e+03
2.206156166631029919e+03
2.356948551732348278e+03
2.300890397149370983e+03
2.855383828240679577e+03
2.776728844720171764e+03
2.851122860986040905e+03
2.609373026925371960e+03
2.618830448228167370e+03
2.428592821198748425e+03
2.436345118600176647e+03
2.331111746865557507e+03
2.222441317635821179e+03
2.142078037339495495e+03
2.108679522591875866e+03
2.672942799645708874e+03
2.619223690110491589e+03
2.722135694581316784e+03
2.683517692166613415e+03
3.483771412450121716e+03
3.449960549908922985e+03
3.535262238103197888e+03
3.365782620984362438e+03
3.633896861630724743e+03
3.449614895421313122e+03
3.458739759045885876e+03
3.167332291203783825e+03
3.049177767354296520e+03
2.840296778279589489e+03
2.799112604695605114e+03
2.916152701932238415e+03
2.783085584241198376e+03
2.762112634259508923e+03
2.695001961785601452e+03
3.436276710587786511e+03
3.377003429490374401e+03
3.467374834138201550e+03
3.363806970673846081e+03
3.948769633370684460e+03
3.826421802598284557e+03
3.846326066094683483e+03
3.558571666795061901e+03
3.568360408860491589e+03
3.315604588586138561e+03
3.264258333283709362e+03
3.024798547822283581e+03
2.851383913117693737e+03
2.671913065034197643e+03
2.576789110738085583e+03
2.968252969342516735e+03
2.833807692128466442e+03
2.850361728268908337e+03
2.749660534459399059e+03
3.512776424008654431e+03
3.423422669965075329e+03
3.457633793431567028e+03
3.259013915616320446e+03
3.555930924016283825e+03
