-2.326524285502033308e+03
-2.244959650369361043e+03
-1.580856622411403805e+03
-1.551311934470199049e+03
-1.310559325841721147e+03
-1.230150725420098752e+03
-2.564206556440331042e+02
-2.062395762666128576e+02
-1.279175232676789165e+01
-8.807151863491162658e+01
4.174819496464915574e+02
2.893358768452890217e+02
3.440284891375340521e+02
5.261579053523018956e+01
9.198282804759219289e+01
-5.956087411893531680e+01
-1.368759936792775989e+01
-4.073541787220165133e+01
-5.771769581316038966e+01
4.750175610603764653e+01
1.524190468494780362e+02
7.791972413589246571e+02
7.774252676744945347e+02
9.373411238458938897e+02
8.700036345464177430e+02
1.712401661899406463e+03
1.449656015180516988e+03
1.500082341395784169e+03
1.111253833733964711e+03
1.579801380403805524e+03
1.233573371187318116e+03
1.189713413671124727e+03
8.621926095937378705e+02
8.766171449725516140e+02
8.219381151353009045e+02
8.009584059347398579e+02
7.940694297631271183e+02
7.164902215083129704e+02
7.726204616059549153e+02
7.185949615617282689e+02
1.108486753792036325e+03
8.517566405986435711e+02
8.414437078540213406e+02
5.106963508431799710e+02
1.198442219570744783e+03
7.649031219040043652e+02
7.269744854127056897e+02
3.276941455085761845e+02
8.551551404451020062e+02
6.269015211095102131e+02
6.109132780884392560e+02
4.182838944424875081e+02
5.578472529281862080e+02
5.355436974694021046e+02
4.835769013394601643e+02
4.066962295402772725e+02
1.716680498351342976e+02
1.727780592371709645e+02
-9.731763217551633716e+01
1.717890423615463078e+02
-2.332709157983772457e+02
-2.427432126919738948e+02
-5.299273187736980617e+02
1.564427612503059208e+02
-6.252750738663598895e+01
-3.201997267408296466e+01
-1.409230827013961971e+02
5.467324518044479191e+02
4.917646708865649998e+02
5.606083442945964634e+02
4.137410209705121815e+02
5.858278114725835621e+02
5.280371810724027455e+02
3.649740463723428547e+02
2.232828958560712636e+02
-1.102127690087072551e+02
-1.045829042862169445e+02
-3.732280193935148418e+02
-1.501591354380361736e+02
-4.076121986280195415e+02
-3.133804907719604671e+02
-3.643017610828392208e+02
3.835499234874732792e+02
3.566428917725570500e+02
4.674672972937114537e+02
4.369946546633727849e+02
1.126441041626501828e+03
1.052428555496502668e+03
9.371626664181239903e+02
7.521385403056629002e+02
8.127050014217384160e+02
6.875543425907380879e+02
4.286757108797319233e+02
2.216582002867944539e+02
-1.149531856877729297e+01
-3.905675268871709704e+01
-1.278906627963297069e+02
2.243715494172647595e+01
-7.768610913259908557e+01
3.166742097632959485e+01
5.098609708715230227e+00
6.502419579257257283e+02
5.074583172877319157e+02
4.326583894272334874e+02
2.931071817954070866e+02
7.688141776700504124e+02
5.750111836274154484e+02
2.553301233430393040e+02
1.305942238168790936e+01
9.059285507397726178e+01
-6.944652419490739703e+01
-2.381499521355144680e+02
-4.585175895611755550e+02
-5.036342352847568691e+02
-5.435461220066063106e+02
-5.435530014852993190e+02
-5.214445614139549434e+02
-6.546250425796024501e+02
-7.166471241931430995e+02
-8.145702743451111019e+02
-4.868795519690029323e+02
-7.185072777788154781e+02
-9.586742239813320339e+02
-1.168014585844706744e+03
-6.955087251286022365e+02
-9.032638608734123409e+02
-1.076333647690247744e+03
-1.275210657290648669e+03
-8.898135032276622951e+02
-9.575943461577408016e+02
-9.593084395746700466e+02
-1.092241817704867572e+03
-1.042462234995793551e+03
-1.099888676575850695e+03
-1.114859805665444583e+03
-1.293826089910697192e+03
-1.414075533054303378e+03
-1.636524845711421221e+03
-1.695936404250096530e+03
-1.499985896490048617e+03
-1.650303560487460345e+03
-1.753797632120084018e+03
-1.842674125723075122e+03
-1.086317031047772616e+03
-1.179941361121367663e+03
-1.061857742987107486e+03
-1.130911331466864794e+03
-5.062562368731014431e+02
-5.567094100038520992e+02
-5.168533328394405544e+02
-7.346681935111992061e+02
-6.388795177559368312e+02
-8.430871981303207576e+02
-8.676128766159527004e+02
-1.158166033319663256e+03
-1.267000544569920748e+03
-1.407836995891761035e+03
-1.395214254699181765e+03
-1.099358546606730670e+03
-1.147864208302926272e+03
-1.030350182674359530e+03
-9.927887980858795345e+02
-1.498213668088428676e+02
-2.214878621618263423e+02
-1.087169934730045497e+02
-2.985794935743324459e+02
3.435436308761127293e+02
4.401133287744596601e+01
4.005942062335088849e+01
-3.912621998707763851e+02
-2.598927079658024013e+02
-5.150755885760299861e+02
-5.684460259894840419e+02
-7.724377020518295467e+02
-8.609985408405773342e+02
-8.145578412930481136e+02
-7.915029578427784145e+02
-4.675172810475341976e+02
-5.314486713628284633e+02
-4.561647239248268306e+02
-5.363913654307834804e+02
1.514583163936622441e+02
-1.477308532516472042e+02
-1.566988063077442348e+02
-5.585362116615287960e+02
6.807128468947485089e+01
-3.301215740363113582e+02
-3.608036204795353115e+02
-7.145719563881866634e+02
-4.552885804395191371e+02
-5.548078325311653316e+02
-5.360003070454113185e+02
-6.066258681337349117e+02
-6.307431871513836086e+02
-5.548669820348732173e+02
-5.976643783668987453e+02
-3.923263756553642452e+02
-6.557511530737392604e+02
-6.065444367448799312e+02
-8.769248482803814113e+02
-2.595846570055000484e+02
-6.113569240192882717e+02
-5.929547652523033321e+02
-8.277610195796005428e+02
-9.491041108174249530e+01
-2.042383026103489101e+02
-1.103989421944133937e+02
-1.889461008529178798e+02
2.821449851770885289e+02
3.094230737467296422e+02
3.909345004935748875e+02
3.085169107695110142e+02
2.485437012691982090e+02
3.115810869117267430e+02
1.443533134241588414e+02
2.789272377868182957e+02
-2.628839977784082294e+01
1.019849664946086705e+02
-4.807205405039712787e+01
6.107757881660945714e+02
5.311488423128612339e+02
7.044149182816036046e+02
7.640306607265956700e+02
1.664221597590018064e+03
1.723359245636034757e+03
1.853562178589869291e+03
1.830586685993243009e+03
2.280471477903891355e+03
2.272116163529921323e+03
2.169642498650122434e+03
2.042845341541338712e+03
1.919934322871733457e+03
1.941100009181071073e+03
1.817517199852038175e+03
1.880090675749350339e+03
1.770308063664007932e+03
1.926162960209418088e+03
1.990224436440039426e+03
2.617016446032095701e+03
