3.799230068111751940e-17 1.615646318474905547e-05 2.238134594154089408e-05 6.406100826606039823e-05 1.623314823067627667e-04 6.263105341302276086e-05
1.752302025447574293e-04 2.858075599898133191e-04 7.227385485683113318e-04 4.241216080824451425e-04 2.043958461067037268e-04 1.646839743670992881e-04
3.495598450277363073e-04 6.629730871887727726e-04 9.643893715088738610e-04 9.212440828404688505e-04 2.950368652903440818e-04 3.094933979693365077e-04
4.391287270649298015e-04 6.813212497770594189e-04 1.653576961716866651e-03 1.513617693909076771e-03 3.190053952664926857e-04 3.159471901417417773e-04
4.639523900187663124e-04 9.561723066235176252e-04 1.326559748642008136e-03 2.013386929036306040e-03 9.127364362615053659e-04 4.143882526651484241e-04
3.695677918896861564e-04 8.093031510406629818e-04 2.030458989044105472e-03 2.528973407450152509e-03 1.107505534762743150e-03 9.756940010152782882e-04
2.570651928613431128e-04 7.368312775172151203e-04 1.834835907243183729e-03 2.955955972600039262e-03 1.614966323994084614e-03 1.129891568588794592e-03
5.501519851886567001e-04 2.857404750688566342e-04 2.337550139059606149e-03 3.669353953452221019e-03 1.783311185708779181e-03 1.514221614663903816e-03
6.114114604994393262e-04 2.820459559589742261e-04 2.344882604311747734e-03 3.912074489519661545e-03 2.149336031198951797e-03 1.799184988053915057e-03
5.234360158382524294e-04 2.962299993752335681e-04 2.586506134645485001e-03 4.278140083734508631e-03 2.279355384344539971e-03 2.089148834532958670e-03
4.316772319785994096e-04 4.530994272106648947e-04 2.852853677689151570e-03 4.592804577123756581e-03 2.374622893945878537e-03 2.133351089054512807e-03
5.024072495539224107e-04 7.039309791543921875e-04 2.941588872970203692e-03 4.664308569504341945e-03 2.420023037497535338e-03 2.048964581402576163e-03
7.216647067834335450e-04 9.499625332672489856e-04 3.082877959791398195e-03 4.682097348826409246e-03 2.336947520987179422e-03 2.128659037621884968e-03
9.528972062734189941e-04 1.316691945509932109e-03 3.010711209107914694e-03 4.713292489899499442e-03 2.425861492903912640e-03 2.174756502705754106e-03
9.479687104888893890e-04 1.326119420242205353e-03 2.996346308867305856e-03 4.670169720988239653e-03 2.378402255577907309e-03 2.340307585991772705e-03
8.163355304863234444e-04 1.417538146212862001e-03 2.896692579512093451e-03 4.832102359401549765e-03 2.530709258517936568e-03 2.340816501797142370e-03
7.941376511697913632e-04 1.147981048938238186e-03 2.777265697237337860e-03 4.774751413168343978e-03 2.552339999602284016e-03 2.453951639797712428e-03
9.931049162271259317e-04 1.098540229480241296e-03 2.924932277145538603e-03 4.755672080421007378e-03 2.634525208613371344e-03 2.428377606153908977e-03
1.051151207435482371e-03 9.071406809597258548e-04 2.737265297372342039e-03 4.571314305103066009e-03 2.424380784753002449e-03 2.166909271962463683e-03
9.503781975923226988e-04 8.535415996023961414e-04 2.636826256233028385e-03 4.224393704850589251e-03 2.202492436963488735e-03 1.945709133523550833e-03
1.006989754901846780e-03 8.210935433859243172e-04 2.336402375612751416e-03 3.823835185219636758e-03 1.954580473443993244e-03 1.653577082933534647e-03
1.196143078915905917e-03 8.892812944886921249e-04 1.991955173735956292e-03 3.647232619196395798e-03 1.579915682861556892e-03 1.081044776931911356e-03
1.336202529017263682e-03 1.235557848666886957e-03 2.154241628560274024e-03 3.546114160468240642e-03 1.391279195316110981e-03 8.974627296367305041e-04
1.340001249921622412e-03 1.302888825788314124e-03 1.438241825826912538e-03 3.401943096399291915e-03 1.289445105157055764e-03 7.461264175115555524e-04
1.217223519287504623e-03 1.552742428257882249e-03 1.747162275763572371e-03 3.155515693929597607e-03 1.297858514492755081e-03 9.602815257747462268e-04
1.180027497542375514e-03 1.531097825444483525e-03 1.067541728744443238e-03 2.831935485030156498e-03 1.117911996176638436e-03 6.521580034218318412e-04
1.322827826663671271e-03 1.528519651111835990e-03 1.554547341586387955e-03 2.597437068700573625e-03 8.504369464463297154e-04 4.387649921171108119e-04
1.582999633361706696e-03 1.484927365147111150e-03 1.048437449649160507e-03 2.100368679488430392e-03 5.356145578677232741e-04 3.894123460860358108e-04
1.670919310785831408e-03 1.430123171759154366e-03 1.107587824547082460e-03 1.429689666753087467e-03 4.515686382183248791e-04 6.504873900365530171e-04
1.527537730119438034e-03 1.307870459324680327e-03 1.017348474482661445e-03 5.519996330469107478e-04 5.471095830827250569e-04 1.026592129147809417e-03
1.568471430355929380e-03 1.199790560923868609e-03 1.134709580532682277e-03 1.831380148092660984e-04 7.529014194067471183e-04 1.402983710044317404e-03
1.717568894958669719e-03 1.284234991213456132e-03 1.034862558587039362e-03 8.595042059514378455e-04 1.193185941147667647e-03 1.566413788331630884e-03
1.788961749929017042e-03 1.255008235867070181e-03 1.733334055050304596e-03 1.406590226318084379e-03 1.215921207578409989e-03 1.699645010613040240e-03
1.733152175323317669e-03 1.430334789471266041e-03 1.471298565689013434e-03 1.692105983017271487e-03 1.466732015606188972e-03 1.484350483275019995e-03
1.620214408385654966e-03 1.442781696415073363e-03 2.453533074146406825e-03 2.026550479542126720e-03 1.399209900209239183e-03 1.654893593633700736e-03
1.530654249899494326e-03 1.435874089412345110e-03 1.994882594225873274e-03 2.123504289872429028e-03 1.649984650099172367e-03 1.610755445530500686e-03
1.671590252439618613e-03 1.462823101659740336e-03 2.822987276540173465e-03 2.597305392300374750e-03 1.662254152039020858e-03 1.874779236398800954e-03
1.772163660557007957e-03 1.413503681609062576e-03 2.747495563247926570e-03 3.026348392289897500e-03 1.945859568040198082e-03 1.915042928640505035e-03
1.641898143916003605e-03 1.506669020200296274e-03 3.204219609775369858e-03 3.630363443546694765e-03 2.127819909476980249e-03 2.109116408217832656e-03
1.438969310178897553e-03 1.523821973017702291e-03 3.356521055888601803e-03 4.081166127686892964e-03 2.333404778247074717e-03 2.263530640968273392e-03
1.467043052411504296e-03 1.521510251861698604e-03 3.443803066663978646e-03 4.325816299266154949e-03 2.449477131903723438e-03 2.330474752288529995e-03
1.643480823608538038e-03 1.489136157708001017e-03 3.708456673827371670e-03 4.494513177006302304e-03 2.451444905898009924e-03 2.343861982973633080e-03
1.526599647762066653e-03 1.579727696678066970e-03 3.644217362861734526e-03 4.522672948429767165e-03 2.536800535146196967e-03 2.290346202790134907e-03
1.339151762394212228e-03 1.665033890430206356e-03 3.855767086298810507e-03 4.548354628591097688e-03 2.495126441958458400e-03 2.291516780404669225e-03
1.210398733407674768e-03 1.598867139374070571e-03 3.771425259796630514e-03 4.565048607958632591e-03 2.531569503639109590e-03 2.246637010768469563e-03
1.181258403181883630e-03 1.545259764156945619e-03 3.856138583475735883e-03 4.554928998335619657e-03 2.513629761131241230e-03 2.206827087746732804e-03
1.415113252762327523e-03 1.378273133045749286e-03 3.729678132478801093e-03 4.563810994277626987e-03 2.439563975228298785e-03 2.138417643224573526e-03
1.319043464062027516e-03 1.429969928475239085e-03 3.545504356048473794e-03 4.522520473128283439e-03 2.335366422531708151e-03 1.940136002481088759e-03
1.065149953731999669e-03 1.442966366250992378e-03 3.477238738536499001e-03 4.437956955719204143e-03 2.056439678820616221e-03 1.670526240287955851e-03
8.614754717548401631e-04 1.647160972376162822e-03 3.271161291797066838e-03 4.041141973640709553e-03 1.605416988558585820e-03 1.141260161041720818e-03
9.590935523516439703e-04 1.784834701024353701e-03 3.063056681248258091e-03 3.637937844599343096e-03 1.102962315998700380e-03 6.619872569505291619e-04
1.008507950956230277e-03 1.804833314107990964e-03 3.162617200473056504e-03 3.273837540717373581e-03 7.266569466765202727e-04 6.100991677065741199e-04
7.372831878527869639e-04 1.885609243784606547e-03 2.694272327558925022e-03 3.070015018267064234e-03 4.997510636542862620e-04 8.640100649269301684e-04
5.694679683044213871e-04 1.786643597786099569e-03 3.112626320983385552e-03 2.777380216683586305e-03 4.445216265379212301e-04 8.706698321938778498e-04
5.048070851420321170e-04 1.735604548293498677e-03 2.270008334417911340e-03 2.532671084276210370e-03 4.260938373762514025e-04 9.490873928667077413e-04
5.188826537399008872e-04 1.340550346356851434e-03 2.548984767590081139e-03 2.423495064242634552e-03 4.957165055176919379e-04 8.811613708706393091e-04
5.181894434833654367e-04 1.167743655810476837e-03 1.731184183998796429e-03 2.279134708747389271e-03 3.687107516292155852e-04 1.120991331315897678e-03
4.419802982444590435e-04 8.405935619048200301e-04 1.906559844189592741e-03 1.973694820445908923e-03 4.609909987974987987e-04 1.182660003671791695e-03
2.800191626961900200e-04 1.036887613691431231e-03 1.243212707634972587e-03 1.149279971601291838e-03 5.403742623490834706e-04 1.355417621374092624e-03
1.140329651909844641e-04 1.222156560605872338e-03 9.368855156866054369e-04 4.512735325728166585e-04 7.933422171120720762e-04 1.610157323895062761e-03
2.470746216951017708e-04 1.342892330408192170e-03 9.457444830762724419e-04 8.193112188486572712e-04 1.306191959244748469e-03 1.913686752493546804e-03
4.134820129847296207e-04 1.555719192131408985e-03 8.996708091344822727e-04 1.596287011643285564e-03 1.508143207699883317e-03 2.219173099342142217e-03
5.325730476348625782e-04 1.459300403392697031e-03 7.805644187390317059e-04 2.083800820741255576e-03 1.840201753452258776e-03 2.263808705162446630e-03
4.030573896342442078e-04 1.527193507960944614e-03 1.364968585723580572e-03 2.673081258063211754e-03 1.822598005106925009e-03 2.352077594439521638e-03
4.134513293082817164e-04 1.020538600532997549e-03 1.034159789093637644e-03 2.734795321277694487e-03 1.983484628750167584e-03 2.309689548287851505e-03
5.141787297092263211e-04 8.062920451207122993e-04 1.932122923807053300e-03 3.014962129581772333e-03 1.900977090984767555e-03 2.377606358336959054e-03
7.074931852464199939e-04 3.905441357221041757e-04 1.841268438074048896e-03 3.108000995840172562e-03 2.043505090655218723e-03 2.288733004675611721e-03
9.196932349295213307e-04 3.362424120076584018e-04 2.687824041654512421e-03 3.640257044040780612e-03 2.069304578779111552e-03 2.241908059502296241e-03
9.904028483330548811e-04 4.503942590671454059e-04 2.883203489203038303e-03 3.966144999325039826e-03 2.165470552432882927e-03 2.222950526754106492e-03
9.495974604510602508e-04 4.473269805144097972e-04 3.037715021162007770e-03 4.220067591454716022e-03 2.250096400639410143e-03 2.221728548630823134e-03
1.083536371740705453e-03 3.403463608968602450e-04 3.282939820935546447e-03 4.472224571124920264e-03 2.247366506971099857e-03 2.153064334412696859e-03
1.420837246103867635e-03 3.381574822857578337e-04 3.086280140399750259e-03 4.712253246280424454e-03 2.291130731681894055e-03 2.062093602419061335e-03
1.594835903894645289e-03 6.287338362129993698e-04 3.337128654052457996e-03 4.877341618325682637e-03 2.228793838433270041e-03 1.912389866122878729e-03
1.587189603728308583e-03 2.890558152473171128e-04 3.255147433820163288e-03 4.867154095245755131e-03 2.104541371620099414e-03 1.752964740793845838e-03
1.539397526168489495e-03 2.629943359860450395e-04 3.452764216472457241e-03 5.098062672105259027e-03 2.015592588779924199e-03 1.419287271821362490e-03
1.693832159490940570e-03 2.893142629447042471e-04 3.459239008846219567e-03 4.734743763322370180e-03 1.735678222383016129e-03 1.333841893890754925e-03
1.890779758250022650e-03 4.671754033750211144e-04 3.398213513307154349e-03 4.812223737906340219e-03 1.738701319789760042e-03 1.211039639374111724e-03
2.012351975366575597e-03 8.350564335207505840e-04 3.330545623746795393e-03 4.717751933313306043e-03 1.556602141747396185e-03 1.113599105721172757e-03
2.031014041057236860e-03 1.057736992108438464e-03 3.121425204685111462e-03 4.648251477200904605e-03 1.188116500307691455e-03 6.490925043166022443e-04
1.893621901617031965e-03 1.020978057722928293e-03 2.954441838058013102e-03 4.501446379972051312e-03 7.726689223558044816e-04 7.409368359000787375e-04
2.028346224526305849e-03 8.727727466274951386e-04 2.908564586569521888e-03 4.098684828938886290e-03 5.351640242423742495e-04 8.992533685299577756e-04
2.242920779055959744e-03 5.581039141397638919e-04 2.651400116624741052e-03 3.650860097880008481e-03 3.059128934758596850e-04 1.277329632311930904e-03
2.176786637267961923e-03 6.336829964687594983e-04 2.956785920271552074e-03 3.329635385882202554e-03 4.888814029447503037e-04 1.619681402290410171e-03
1.974282510524302467e-03 3.338769056126937086e-04 2.451644541635840998e-03 3.057920281090746595e-03 5.362552165235340415e-04 2.045327626119333893e-03
1.953747106036782689e-03 4.166654860048351543e-04 2.753029884442185441e-03 2.607227215784132905e-03 9.460605148834388143e-04 2.106888553718450335e-03
2.190095744081146933e-03 4.395933923681649268e-04 1.937465042886924458e-03 2.085060016529996247e-03 8.809881639668736908e-04 2.181128716890455913e-03
2.268626322046705859e-03 5.966976191164489541e-04 1.898513478141800786e-03 1.900318612435810415e-03 1.065982104656504640e-03 2.195172054035095851e-03
2.192415649987267210e-03 7.764744853537246380e-04 1.200885075759164410e-03 1.653206838684849163e-03 1.041359323610775277e-03 2.364560250534760832e-03
2.034630315509794885e-03 8.975827012132970217e-04 8.113641567834557582e-04 1.202908046071849606e-03 1.198053525772537625e-03 2.458467162071441107e-03
1.923915950949754705e-03 9.272071907782227429e-04 5.588264526019441018e-04 6.258192671767000411e-04 1.506850251910469380e-03 2.471647948579755102e-03
2.038761696342686683e-03 8.220606884327073252e-04 1.997291646749654751e-04 9.639574444342490465e-04 1.626446661619608200e-03 2.626597762143458633e-03
2.103106965026435918e-03 8.635637316000879370e-04 2.021096742763643021e-04 1.274200245458095328e-03 1.953715963498709168e-03 2.727494875615116016e-03
1.849079331364767006e-03 5.834151514498424644e-04 5.932682141903142334e-04 1.781093582384819058e-03 1.991612054662729447e-03 2.747085878074057280e-03
1.726649345140978103e-03 4.779076010823621779e-04 3.353300248761566932e-04 2.298069028650065633e-03 2.199636491284000066e-03 2.730821686214102931e-03
1.870672811584068703e-03 1.354523174263822069e-04 1.256241193081133502e-03 2.976325870860576511e-03 2.182678228820476417e-03 2.620234740305734181e-03
1.936089106614567431e-03 4.193431213619352310e-04 1.259300223956118930e-03 3.140260072894075077e-03 2.264527043488616907e-03 2.547137927918965289e-03
1.718185595140823887e-03 6.733131351228118476e-04 2.017285956738526682e-03 3.502678677259923878e-03 2.226768441401736839e-03 2.385679373847565243e-03
1.470539593661923964e-03 1.071826802703990415e-03 2.340338963001783318e-03 3.602039560785849637e-03 2.242365583900189554e-03 2.459620710187930635e-03
1.355984049611066956e-03 1.317011569326658176e-03 2.673493246332127749e-03 3.765317911932047033e-03 2.244091616786770670e-03 2.565026778325587772e-03
1.391287284949327754e-03 1.444537058946786983e-03 2.986640133713047186e-03 3.871225914905896109e-03 2.230008458214220377e-03 2.536616205514773820e-03
