4.000000000012909895e-01 1.909095910416422416e-06 1.800005716175421822e-01 3.100049376075958985e-01 3.230105708643388196e-01 5.229957243029155212e-01
3.982102705834204559e-01 2.272123968857162751e-02 1.801950122709103097e-01 3.095322337156037329e-01 3.237935230680308307e-01 5.222336228183310780e-01
3.930656384678662407e-01 4.522691707126841321e-02 1.808708961433109219e-01 3.080530547498864236e-01 3.261364052996363894e-01 5.198834532809870623e-01
3.845051723096154506e-01 6.728845731180077561e-02 1.818896690959976581e-01 3.056882951914751123e-01 3.298874915486967319e-01 5.161029350826155104e-01
3.727025343918975442e-01 8.864741923595877149e-02 1.834357415504722366e-01 3.024093043854611529e-01 3.349442823909877243e-01 5.108739854070168951e-01
3.579478456502319661e-01 1.090757417715764038e-01 1.853269913895505550e-01 2.984643175083653843e-01 3.410489756508326420e-01 5.043474687131468404e-01
3.408272964735067356e-01 1.283479340005545255e-01 1.877398981630041541e-01 2.938763490408630163e-01 3.481394402246396069e-01 4.963899169586901694e-01
3.217245262654531701e-01 1.463571221286825708e-01 1.905594974450899315e-01 2.888724915913702951e-01 3.558754441476953412e-01 4.872621607823495737e-01
3.010792742057583071e-01 1.628553370613547158e-01 1.939427121096109763e-01 2.835987357428909617e-01 3.640846213713263002e-01 4.769715390892805829e-01
2.796881695394123901e-01 1.776342905847600462e-01 1.977796300173373378e-01 2.783143844190787419e-01 3.725142014873373819e-01 4.656852284584475643e-01
2.588243955261030904e-01 1.905465496956981197e-01 2.021026114213803904e-01 2.732446274275336373e-01 3.810243865204182012e-01 4.534163275090240530e-01
2.398445514918722266e-01 2.014838240202637132e-01 2.069197179381073171e-01 2.686272815087159538e-01 3.893769968823129202e-01 4.403821364902319457e-01
2.244073568716545841e-01 2.103597065215794260e-01 2.121358997459043827e-01 2.648453792951079300e-01 3.973005587436590491e-01 4.268328824804890065e-01
2.142222069546446395e-01 2.169972902790591185e-01 2.178512701845505828e-01 2.620405009684891318e-01 4.046945380495002298e-01 4.129019113445934752e-01
2.110394957009859296e-01 2.214211562887039020e-01 2.238541261950298955e-01 2.606009195509962906e-01 4.113656579936574853e-01 3.987745082765669635e-01
2.157037290509821736e-01 2.235459651911980150e-01 2.302420744984490786e-01 2.605698224227812054e-01 4.172513469945307585e-01 3.846840936605017691e-01
2.278631836936788613e-01 2.233159793944717586e-01 2.368600203979477625e-01 2.623034406479266556e-01 4.221693418182784208e-01 3.708235407555348084e-01
2.461781333728948751e-01 2.207183969309819693e-01 2.437518705570566324e-01 2.656924045905310061e-01 4.261047677007471224e-01 3.574498346915528924e-01
2.692565490125117811e-01 2.159275662801486417e-01 2.507737090298431948e-01 2.708754676809317363e-01 4.289121416071601245e-01 3.447911706954829847e-01
2.955661393298525397e-01 2.089793188688184589e-01 2.579529343626773552e-01 2.776973964485333068e-01 4.305497015929127813e-01 3.331404964723166384e-01
3.235843047256437011e-01 1.999530163595125420e-01 2.651415959600094130e-01 2.860555860977881948e-01 4.309404294903239063e-01 3.228024466539772819e-01
3.519933114253718243e-01 1.890470129520996634e-01 2.723125907025640280e-01 2.957410863075110585e-01 4.301671022446474368e-01 3.138477813411328921e-01
3.798599342643104726e-01 1.765485686561380496e-01 2.794518902011916550e-01 3.064668235397655094e-01 4.281729517202373381e-01 3.066126821946650316e-01
4.063778606362871693e-01 1.628928952691526544e-01 2.864205927737317747e-01 3.181135371627390462e-01 4.248961012800994697e-01 3.012267286687093093e-01
4.310313863654397504e-01 1.486100916575142650e-01 2.932547397576291126e-01 3.301589458799457644e-01 4.204975340924115845e-01 2.977035934064240497e-01
4.530835121048177316e-01 1.344337476374597995e-01 2.998616859263156798e-01 3.426470356140750018e-01 4.148912171165380358e-01 2.960987634884383879e-01
4.722044008902391843e-01 1.215900104518802399e-01 3.062591456523539590e-01 3.550106843740766238e-01 4.082479739613837366e-01 2.962907652599768848e-01
4.881651181545971774e-01 1.115657128763775374e-01 3.123728071956972108e-01 3.672925924381498231e-01 4.005883951756137318e-01 2.981376697859119962e-01
5.003702825239412233e-01 1.063066084304282038e-01 3.182087313413156648e-01 3.790549488023697289e-01 3.920624763595452755e-01 3.014179490374214732e-01
5.083935892001459900e-01 1.075624311372304909e-01 3.237238941176963647e-01 3.902452381585280183e-01 3.827437890380905317e-01 3.059143832737347690e-01
5.122706577416127338e-01 1.157523234920007221e-01 3.289550058357947337e-01 4.006273069632362849e-01 3.727743151914138520e-01 3.113551823846807398e-01
5.118553664908502832e-01 1.299623944108727891e-01 3.339236695920169140e-01 4.100096753902346958e-01 3.623222735307285447e-01 3.174518245375752556e-01
5.069623384546858569e-01 1.487284008985248485e-01 3.385284226191490609e-01 4.183260045340470024e-01 3.515174841437629372e-01 3.239583350886882651e-01
4.974424255236680192e-01 1.705951514159676219e-01 3.429456342059343799e-01 4.252860387471096293e-01 3.406098210254915881e-01 3.306368483851385709e-01
4.832803027234442439e-01 1.944159344365083142e-01 3.469909079016224029e-01 4.310001995967726596e-01 3.297776762431650632e-01 3.372021644890254022e-01
4.645131393299752331e-01 2.192957772982513931e-01 3.508500733490405032e-01 4.350799693449482475e-01 3.192750591680492134e-01 3.435027881864264887e-01
4.411420829522739728e-01 2.445817012345015140e-01 3.544148492120429705e-01 4.377421556678148806e-01 3.093019223992990452e-01 3.492840203148191991e-01
4.132056826904191849e-01 2.698123919389491809e-01 3.578153098376766761e-01 4.387192325747961696e-01 3.000940197758141803e-01 3.544672197518003998e-01
3.810658090480647520e-01 2.944258882902249796e-01 3.609497182755176392e-01 4.381097382730692602e-01 2.918905757831961600e-01 3.588591463705460005e-01
3.450089983645885927e-01 3.182348052295139174e-01 3.639065396672111485e-01 4.358337136478936946e-01 2.848991109729644977e-01 3.623996707133536055e-01
3.049419657751275547e-01 3.409578007803603650e-01 3.666664329657234878e-01 4.318786843849772294e-01 2.792793383836286170e-01 3.650109471947607931e-01
2.614145037517780490e-01 3.622877455232420552e-01 3.691576013351700047e-01 4.263360888210995236e-01 2.751773237744745138e-01 3.666466429460861765e-01
2.146551475720560043e-01 3.819166043755569673e-01 3.716046241068696188e-01 4.191236554694038885e-01 2.726714383971799438e-01 3.672704345740068765e-01
1.654358303403780095e-01 3.997706340994100493e-01 3.736987773120472589e-01 4.104028489343756747e-01 2.718119379292296411e-01 3.668266577677867790e-01
1.148171730369751120e-01 4.156367197668953684e-01 3.757367413958841440e-01 4.001748059212313913e-01 2.725101511688233780e-01 3.653439960093042838e-01
6.644468616295580443e-02 4.294102033474480606e-01 3.772896879412225846e-01 3.885731507288756048e-01 2.747067758360586809e-01 3.628343538974619920e-01
4.240476262914825989e-02 4.410012499493469740e-01 3.786706913930945606e-01 3.757455181161027391e-01 2.781933360934905064e-01 3.593215112242680864e-01
7.683875150747968008e-02 4.503501940611150944e-01 3.795353634481526406e-01 3.618225183184278770e-01 2.827436559492864099e-01 3.549429481400735997e-01
1.309669503846954131e-01 4.573990146673694857e-01 3.801014590747815447e-01 3.469845207608986404e-01 2.881828645167857639e-01 3.496625027157145293e-01
1.892239876466599857e-01 4.621050363662378979e-01 3.800890849412427719e-01 3.314244904528255709e-01 2.942991492097562500e-01 3.435519331483988803e-01
2.483786108925239711e-01 4.645664628468291202e-01 3.794635790564263589e-01 3.154353743582455905e-01 3.007019085390533752e-01 3.369103091203210498e-01
3.074529457128733489e-01 4.648663901233864304e-01 3.783273666606015717e-01 2.992399882605899508e-01 3.072361176752325118e-01 3.297626600866372382e-01
3.658928815965328818e-01 4.631389016616851428e-01 3.763893102260827406e-01 2.831978294329378643e-01 3.137218379961209114e-01 3.222234896221151113e-01
4.232868681297661806e-01 4.594117962214862017e-01 3.738344655376816816e-01 2.677122676955094871e-01 3.198954269675808870e-01 3.145129518623396292e-01
4.789407989137927646e-01 4.540203669541690301e-01 3.702984830393176718e-01 2.531740877127415801e-01 3.256629599242565898e-01 3.067351496972230973e-01
5.323425730394666378e-01 4.471578140735739115e-01 3.660145796222515902e-01 2.401115718243467811e-01 3.308119523014708685e-01 2.990672139385063821e-01
5.830600159614436340e-01 4.392048796043810932e-01 3.606449790799583499e-01 2.289776269324717006e-01 3.352818603530178798e-01 2.916990745000943575e-01
6.304878029338552015e-01 4.305385813554017949e-01 3.543211571920349967e-01 2.202947581638291241e-01 3.389171330643208080e-01 2.847860864329184172e-01
6.743844003442178714e-01 4.214913407356220554e-01 3.469220565599779871e-01 2.144766134894935117e-01 3.416601525019405394e-01 2.785390221858879412e-01
7.143264903490316176e-01 4.126432105343719736e-01 3.384925616461365028e-01 2.117465082877962868e-01 3.434364312317282897e-01 2.731068339831425051e-01
7.502999534279152227e-01 4.043678036755216643e-01 3.290254375494268135e-01 2.123067565573481807e-01 3.441730389426279069e-01 2.686364139723568800e-01
7.816435308252930314e-01 3.972506095983693308e-01 3.184801292982096799e-01 2.157696042965183136e-01 3.439218674810750609e-01 2.652154126520612776e-01
8.079026845124258616e-01 3.918594174495205751e-01 3.070218094732860004e-01 2.219389953285347272e-01 3.426292861854022820e-01 2.629146754478383086e-01
8.291823589375451053e-01 3.886697038678794125e-01 2.946077477034134140e-01 2.302376741679160455e-01 3.403501570094144002e-01 2.617708255993582700e-01
8.452325809918850297e-01 3.879477894755348766e-01 2.814971805866163801e-01 2.402144569466740653e-01 3.370765225967819467e-01 2.617486298524439037e-01
8.559087362582677994e-01 3.900531949162320267e-01 2.677693577768668343e-01 2.512256142836024608e-01 3.328774471213586383e-01 2.628181033861997640e-01
8.610819808093658212e-01 3.951323588814716348e-01 2.535941374663063796e-01 2.628826813345756519e-01 3.278053530807800708e-01 2.648316391337781073e-01
8.607436843329567822e-01 4.030768508017646967e-01 2.393200639738302937e-01 2.746737398603871227e-01 3.219317889553693912e-01 2.676911798912532947e-01
8.547312415277109610e-01 4.137393756545326151e-01 2.253426411701584531e-01 2.861969650209010840e-01 3.153644041867541548e-01 2.712364809508219232e-01
8.432003948044697328e-01 4.268270706209167376e-01 2.121000922135026223e-01 2.971186388006097912e-01 3.082132534750299802e-01 2.752893469091940437e-01
8.260007095604674499e-01 4.418922236384066893e-01 2.003265023796762523e-01 3.071564215150068833e-01 3.005956682039111483e-01 2.796789203072900798e-01
8.037456619655695134e-01 4.584127922687978862e-01 1.906037203075460207e-01 3.160785579853083171e-01 2.926832542636505496e-01 2.842094541517437567e-01
7.764892063593206162e-01 4.760048082080670651e-01 1.837936038837577335e-01 3.236604591206954651e-01 2.845932238764580791e-01 2.887275105824639310e-01
7.442141712118746089e-01 4.941078518336787795e-01 1.806308419183986491e-01 3.298272865211920313e-01 2.765056526834668293e-01 2.930733882481247332e-01
7.075531524479816703e-01 5.122597101450260260e-01 1.817127252217664857e-01 3.343945935713175666e-01 2.685451301432991156e-01 2.971151244356790011e-01
6.667255548148790512e-01 5.300226964464280766e-01 1.871357451649203474e-01 3.372670253427295095e-01 2.609675890135239595e-01 3.007215751800395576e-01
6.223358734707479245e-01 5.470183289046646191e-01 1.968101738532212486e-01 3.382931300733182933e-01 2.538917162644089287e-01 3.038067261292458632e-01
5.750290471629397882e-01 5.628969011228007746e-01 2.102166091167333994e-01 3.375107378026536153e-01 2.474794902389899631e-01 3.063000758620610942e-01
5.255703679269134732e-01 5.773295149734174458e-01 2.265680853523397431e-01 3.349506964921039054e-01 2.419201812134924023e-01 3.080063882287631394e-01
4.749932627616570424e-01 5.900126282195587990e-01 2.453170374333960846e-01 3.306139399726312211e-01 2.373332549728409957e-01 3.089009488348065657e-01
4.244513396378867820e-01 6.007545648872700816e-01 2.657740836543740492e-01 3.245103437044238870e-01 2.337849869937296265e-01 3.089915807020407468e-01
3.754639439644827381e-01 6.094736675879989241e-01 2.873854984233628618e-01 3.167422668914523509e-01 2.312944103886483971e-01 3.082609428455436174e-01
3.309140931130585828e-01 6.158134938574592043e-01 3.095810917409567153e-01 3.074620439160705154e-01 2.298835998094560795e-01 3.066819710829211121e-01
2.942585727314818156e-01 6.198176381943266700e-01 3.320291586204183742e-01 2.967723559107842135e-01 2.294869066849065387e-01 3.042740062453885841e-01
2.695529252314661783e-01 6.213618831577394364e-01 3.542779326023665631e-01 2.848898667768616222e-01 2.300722655607572997e-01 3.009790976682993335e-01
2.610853418686316929e-01 6.204405410958058198e-01 3.762260912285586012e-01 2.720587081116236372e-01 2.314473934463031068e-01 2.968995749508602233e-01
2.704102115793210470e-01 6.170474848543193724e-01 3.973811195197575752e-01 2.585501397703774407e-01 2.334877259279066475e-01 2.920621656341159667e-01
2.955678771121306170e-01 6.112890437224485218e-01 4.176520184079358100e-01 2.448172151396322549e-01 2.360033972416864800e-01 2.865256929305410871e-01
3.322071940099811660e-01 6.032546852104671009e-01 4.366004752612640538e-01 2.313846861390764786e-01 2.388379880336299055e-01 2.803429716177160969e-01
3.760183433965761379e-01 5.930800209289827096e-01 4.541951282845210214e-01 2.187709565520213340e-01 2.418166754672973484e-01 2.736070345727922293e-01
4.234283993351979358e-01 5.810045558808635269e-01 4.702489400750035076e-01 2.077135972997627700e-01 2.447602256939035437e-01 2.663575225008540381e-01
4.720348889829790728e-01 5.672458265855281345e-01 4.845297317299646078e-01 1.989886045409142434e-01 2.475297814025713417e-01 2.587026025853315092e-01
5.201786785338791130e-01 5.522039137908449913e-01 4.970080540752226939e-01 1.933412190386847029e-01 2.499929961375063348e-01 2.507331076390373337e-01
5.668989046174652824e-01 5.360651669317877399e-01 5.075073124943719760e-01 1.914105148430081949e-01 2.520228673948953779e-01 2.425941601173784989e-01
6.110157403613774019e-01 5.192732575264279449e-01 5.160336563026104439e-01 1.936049306338271381e-01 2.535296065066422466e-01 2.343641955643268882e-01
6.516756091015919461e-01 5.023405553670927670e-01 5.224252006821838989e-01 1.999331783474163626e-01 2.544394672140438685e-01 2.261719325186471452e-01
6.884142505688025659e-01 4.858161336821561482e-01 5.266918059285373710e-01 2.101045220295324478e-01 2.547037406542165261e-01 2.181194826265316633e-01
7.208023371822462888e-01 4.701734193938543749e-01 5.287255995190808244e-01 2.235545247149438308e-01 2.542834483765450404e-01 2.103442272335999397e-01
7.484340704774734565e-01 4.560065695113081907e-01 5.286290439445581191e-01 2.395547312403592533e-01 2.531630546468989218e-01 2.029571464030929806e-01
7.710134895093142537e-01 4.438982957119576578e-01 5.263459736433452330e-01 2.574034110045774759e-01 2.513749806555429234e-01 1.960364774253264275e-01
