1.772610259997698279e+00 6.326588231009546703e-01 5.014898886308833070e+00 5.349010006021272190e+00 2.079061131223518544e-01 4.545483132810563376e+00
4.690569187763467873e+00 4.760960005463801714e+00 6.258632609322738460e-01 2.777902612458387210e-01 1.077543400190862144e+00 5.222123356787262694e+00
1.177170783305169444e+00 2.516067752274596003e+00 2.425516203320337905e+00 1.564609255804705334e+00 1.882778704629522792e+00 5.915112591029504152e+00
3.932039080836183143e+00 2.054846771318397103e-01 4.406273189649430044e+00 2.696338864168847493e+00 2.741527151443446275e+00 2.831409690889401531e-01
6.174209747929984005e-01 4.267077159312179901e+00 6.236566671959593577e+00 4.143101274300065029e+00 3.599247785383494769e+00 9.281888493770313886e-01
3.382294778100984445e+00 1.825099460983830468e+00 2.046405059878868116e+00 5.324321734997788269e+00 4.496955181093614584e+00 1.509698917202741519e+00
6.089588677107649950e+00 5.585077872639205410e+00 3.984740741624221982e+00 5.083461510693210172e-01 5.295275382191464431e+00 2.123517622503287683e+00
2.640844835978947369e+00 3.092832893489047663e+00 6.222561670683837143e+00 1.759895934462509359e+00 6.165634019208960481e+00 2.725738103454382610e+00
5.421463811423671508e+00 6.354158474931743683e-01 1.872443087548113283e+00 3.192488085398998976e+00 7.252790388887104811e-01 3.320547041336311622e+00
2.024052215278718592e+00 4.585437147674182867e+00 3.880018167922154593e+00 4.472564302567850092e+00 1.621947900822620525e+00 3.922464108593722187e+00
4.897599138886785219e+00 2.316634747352560808e+00 5.821364374745835235e+00 5.755783507709248070e+00 2.475501696805121554e+00 4.578337995252778292e+00
1.380163566275729892e+00 4.541846522512216211e-02 1.384667743449846000e+00 7.432142721050603029e-01 3.285389298163459593e+00 5.264495158597707558e+00
4.133033670941955506e+00 4.076632174815243204e+00 3.282701041237074513e+00 1.868211613830865758e+00 4.141755280872979839e+00 5.927752860119118949e+00
6.404112954087821663e-01 1.860448824243537302e+00 4.968015710900846038e+00 3.207930577753845824e+00 4.980295498303285662e+00 2.994918506056034602e-01
3.518363813754955327e+00 5.890708778741134743e+00 7.084006898659520601e-01 4.352123887575045202e+00 5.877063125063489046e+00 9.371172133867240461e-01
3.273859600340145448e-02 3.518562624904884473e+00 2.591720977145470783e+00 5.787281120570583859e+00 3.926026542507958794e-01 1.595027635383879705e+00
2.760733147016546596e+00 1.012218380263213646e+00 4.751977997737429682e+00 6.974659269910317150e-01 1.260769239072362602e+00 2.189531367141746898e+00
5.571735593963516919e+00 4.833670759789621130e+00 4.004804608987901915e-01 2.174740998786083068e+00 2.108500205363972313e+00 2.775279250795692931e+00
2.180274558658767958e+00 2.400603458245988975e+00 2.547987838136023697e+00 3.470109950473471372e+00 3.009807522467996321e+00 3.354897454631828424e+00
4.889663233041267709e+00 6.190034485842746292e+00 4.531646755668711002e+00 4.830559689473858498e+00 3.831819918377108891e+00 3.967885194438116159e+00
1.509387585542650179e+00 3.882514115839260427e+00 2.637835182853374150e-01 6.148918585788442748e+00 4.679870987221370626e+00 4.622735693404731450e+00
4.283119357740300615e+00 1.579852948370563226e+00 2.184578728623208121e+00 1.063076201727975345e+00 5.541261680615934715e+00 5.263619759606240400e+00
8.392078785705976429e-01 5.672389289951585312e+00 3.912912131393189163e+00 2.391687744275815319e+00 1.023177148675973314e-01 5.926976699961910455e+00
3.603265122860896952e+00 3.421345143217269680e+00 5.848734360670585275e+00 3.484298605413899352e+00 9.698707164332880382e-01 3.031500380865761457e-01
2.517943626278755787e-01 1.253657440439095438e+00 1.365418931691847249e+00 4.881097484107403517e+00 1.785591706381774557e+00 1.004308047264906634e+00
2.974031123250366448e+00 5.159486033169633501e+00 3.395992463785859172e+00 5.997653411005261503e+00 2.658711191522959982e+00 1.626793653103129955e+00
5.716802076886217776e+00 2.747375718664425648e+00 5.219229216736110288e+00 1.149069869285277434e+00 3.484305326141408976e+00 2.240191597395227774e+00
2.352533839162823881e+00 3.496683117328904800e-01 1.107848275681954320e+00 2.412229042371572429e+00 4.386338291572616122e+00 2.835275774837178631e+00
5.205320770993623114e+00 4.178096474074955324e+00 3.145749351148975137e+00 3.857358009212340288e+00 5.222582777375032848e+00 3.447968641942801948e+00
1.641496982896160972e+00 1.652270330771743900e+00 5.226122789060770657e+00 5.160229960414648431e+00 6.069777618456740242e+00 4.040902855131672133e+00
4.421469646208759485e+00 5.509378695204908638e+00 9.412925133884622042e-01 1.841397062194891632e-01 6.481460355397299367e-01 4.643483900194715019e+00
1.060252221642191017e+00 3.252782544697829792e+00 2.836220412950813952e+00 1.552397941164087136e+00 1.508641779747112110e+00 5.286631709124426592e+00
3.808959745004269593e+00 9.457127244207077510e-01 4.799230562753312057e+00 2.684961860865264782e+00 2.368296087119146520e+00 5.936253947404416920e+00
2.753600300471692464e-01 4.986113065889224316e+00 2.299802148457628093e-01 4.022609368515093209e+00 3.168925346787744513e+00 3.384150375535224242e-01
3.176958013222517252e+00 2.809659755530585556e+00 2.222520341361397200e+00 5.125883442471288021e+00 4.062623614848893894e+00 1.002825663571593751e+00
5.985595302149500085e+00 5.622577135840023388e-01 3.949026573469060608e+00 2.334204765419549688e-01 4.884466811252572427e+00 1.664845737407038229e+00
2.466074691059752411e+00 4.473066840000088362e+00 5.992128204166247585e+00 1.384100404684972752e+00 5.763167561549095375e+00 2.282953009173775527e+00
5.318721845811669624e+00 2.090749940767315351e+00 1.660907710446657859e+00 2.816249393212080676e+00 3.071500555532473697e-01 2.918869509835124276e+00
1.732315162502485961e+00 5.828070945588291529e+00 3.761253060839615969e+00 4.087700728876669132e+00 1.162703570459224345e+00 3.501441228857377297e+00
4.568445171892747680e+00 3.365675168288255747e+00 5.800567525425250892e+00 5.484065484681936553e+00 2.028393855658090494e+00 4.087012325634983512e+00
1.211178316360609131e+00 9.872387038798766667e-01 1.567489567422230223e+00 5.913071345578861937e-01 2.900742829061930372e+00 4.694716987579106160e+00
4.014356123639018392e+00 4.869160578907910875e+00 3.639076734842331184e+00 1.834265880980272101e+00 3.760206926351199463e+00 5.318884944886520749e+00
5.060741791827849667e-01 2.548064033479091606e+00 5.458558076141194704e+00 3.205043710142209790e+00 4.575202720471942541e+00 5.974965044898747912e+00
3.332151691055075915e+00 3.099333374212056569e-01 1.143167824403809263e+00 4.314328853335760883e+00 5.464109556837245307e+00 3.374930409865273262e-01
6.123347621973589838e+00 4.391248307681625107e+00 2.813537753060074920e+00 5.673108705013260256e+00 6.282205453252304395e+00 1.013316950756507850e+00
2.654952699458508647e+00 2.149638936185093385e+00 4.810611059382827293e+00 4.810885909646644976e-01 8.718436272714322754e-01 1.677312405082633795e+00
5.387722709049555192e+00 6.107306465686344943e+00 3.096329488126681184e-01 1.847340685068884270e+00 1.671896527191552018e+00 2.342621735361309021e+00
1.929426387917063224e+00 3.747396781435639923e+00 2.353697559764544422e+00 3.057011974594786352e+00 2.558980008257725647e+00 2.953179509555953430e+00
4.674261372414893145e+00 1.282822643531408957e+00 4.288834956401345266e+00 4.444322426405184601e+00 3.403568971717185754e+00 3.547296090286973680e+00
1.349902910971989556e+00 5.165994908469102143e+00 1.565084571404158353e-01 5.819677841601611945e+00 4.276055104884914471e+00 4.160680219780839906e+00
4.152219767595166644e+00 2.673544006853418864e+00 2.277361001749549807e+00 8.700932227827564702e-01 5.127314980980990811e+00 4.763210568433049907e+00
6.088232414866450171e-01 2.129179701437688976e-01 4.204314575630061945e+00 2.260669115869884394e+00 5.965026993669319211e+00 5.363747056507293998e+00
3.492861405603619573e+00 4.182150969483314995e+00 6.259532051629093097e+00 3.465049506213055963e+00 5.811425237192242577e-01 5.979400033984009433e+00
6.209795463578018371e+00 1.861006864657115401e+00 1.719897933659499500e+00 4.834669026411518189e+00 1.384643364528724163e+00 3.550868563219449214e-01
2.794174781510115224e+00 5.934868450239947357e+00 3.743701247065388316e+00 5.931870585090193160e+00 2.257295237646444797e+00 1.032344874781619737e+00
5.594682392617125188e+00 3.733522699059813377e+00 5.440769219996145267e+00 1.001429400773053757e+00 3.070652890895544829e+00 1.716213685400069799e+00
2.186204453256515023e+00 1.522388555842912439e+00 1.116779579520212451e+00 2.137227085295279494e+00 3.970494007110540124e+00 2.357949736124545836e+00
4.997148231992250444e+00 5.497353762424824986e+00 2.954181670853673225e+00 3.505678128312391451e+00 4.800710922049221452e+00 3.006398078843596444e+00
1.387990810529522001e+00 3.010036221325606220e+00 4.988754152332889547e+00 4.743958242566320038e+00 5.638177490359430166e+00 3.619892738585953840e+00
4.272683777505131175e+00 5.957478784679723915e-01 7.824026514112363273e-01 6.116002938399438982e+00 2.145202787357112229e-01 4.232624168730137804e+00
6.983764649801909030e-01 4.344089838621844279e+00 2.771437399679960834e+00 1.212414780949042203e+00 1.063662143324811460e+00 4.806288880954579845e+00
3.518765198513865045e+00 1.882394410824694830e+00 4.884733204483056923e+00 2.495306369711692618e+00 1.949398119798937401e+00 5.388699994407291527e+00
1.398847871683326360e-01 5.823566000773864104e+00 5.463568520256156802e-01 3.944362527996566836e+00 2.782810867632168339e+00 6.029845114163121522e+00
3.005407499033990959e+00 3.510512814448075503e+00 2.653999694960884170e+00 5.101394582541925793e+00 3.659117878105462296e+00 3.929071595531254957e-01
5.694160346878355483e+00 1.196058437383048734e+00 4.348381471343358839e+00 1.828697082127019868e-01 4.462626288791103235e+00 1.048634991899300317e+00
2.196523544041085074e+00 5.243430281264672033e+00 6.266890952230484757e+00 1.272201205466867435e+00 5.354105654367598000e+00 1.688734660260245768e+00
5.079166086411028402e+00 3.076647032562362938e+00 1.737211668554579092e+00 2.624926649714149463e+00 6.182661239368556494e+00 2.375902086297442040e+00
1.654731951342863105e+00 8.225627632169825176e-01 3.746073742523439165e+00 3.801402817558064307e+00 7.579828653715683373e-01 3.045675217919495026e+00
4.478458678646134672e+00 4.775030444893358705e+00 5.670425682300718861e+00 5.132217804249995297e+00 1.596122720560970265e+00 3.691214012654008059e+00
9.539266673335662361e-01 2.337254118979207096e+00 1.347249115952925180e+00 1.745195529538277057e-01 2.460235699088618055e+00 4.281727164180669121e+00
3.768713895055537222e+00 6.155134764062228925e+00 3.432419549260608438e+00 1.486504591533705621e+00 3.340755306209460151e+00 4.862538253498339458e+00
2.948095248483504349e-01 3.672342692004304965e+00 5.459324444974294366e+00 2.933562055149916858e+00 4.164594886331287604e+00 5.476005356858184570e+00
2.986268256199986482e+00 1.132634531596685257e+00 1.333159618805392022e+00 4.140471526052049711e+00 5.018706181892312657e+00 6.071865023335512035e+00
5.898502411423310221e+00 5.109039149186770601e+00 3.199050768953485946e+00 5.608007416834639436e+00 5.864799446955721862e+00 4.192896797910190543e-01
2.484595943025047493e+00 2.837974492847228802e+00 5.217848345834308788e+00 4.695161529502112074e-01 4.912848476419746646e-01 1.038658739740607295e+00
5.154358070079788412e+00 5.282682709143911026e-01 6.377901358308042390e-01 1.801310934400262909e+00 1.287066574538667574e+00 1.706556323601210678e+00
1.668455303840850945e+00 4.574299073048800679e+00 2.608428461310212221e+00 2.916062992271125864e+00 2.133091077119114054e+00 2.393001399394250939e+00
4.593658625664440720e+00 2.422090849029693516e+00 4.426157482122420106e+00 4.234323180959869148e+00 2.976210957514487720e+00 3.080482400941640719e+00
9.909264102242545391e-01 7.023420335623775657e-02 6.257402760297690492e+00 5.445901884901012124e+00 3.838880476674861875e+00 3.693834810618140008e+00
3.853904301011225275e+00 4.021386798844612365e+00 1.958243646802561244e+00 4.601624559366008782e-01 4.708766629951120386e+00 4.317974154587625790e+00
4.975429192297626813e-01 1.642232365169064678e+00 4.029008142278132532e+00 1.878062925737062017e+00 5.543635915668349234e+00 4.961412263702918324e+00
3.212275243334230090e+00 5.370595305609914050e+00 6.191322414682103314e+00 3.131047932178871562e+00 1.169931815333109526e-01 5.548089668250288931e+00
6.041751285562018126e+00 2.925442502404973055e+00 1.827626522794615127e+00 4.615844053859744278e+00 9.700404616816200587e-01 6.132513026005594448e+00
2.554562907109596548e+00 4.822245472301753821e-01 3.943502616896564117e+00 5.816846239807381913e+00 1.872786415208800292e+00 4.267292372948379153e-01
5.340385817308786365e+00 4.400979495184258461e+00 5.798602811495356057e+00 9.596684268868251877e-01 2.677328754354290297e+00 1.079497518945148116e+00
1.921063376509605902e+00 2.132831936916744553e+00 1.583429327726731728e+00 2.105424977936078079e+00 3.538933555711203383e+00 1.750237976721514599e+00
4.713410845561498697e+00 6.194338494903536052e+00 3.319114015456161582e+00 3.420772185472241489e+00 4.368777947075763279e+00 2.418720538235367812e+00
1.151886180123940839e+00 3.937802162830258634e+00 5.120631009279446033e+00 4.573930254054307198e+00 5.242351719170400770e+00 3.052118815542653074e+00
3.977290007025713336e+00 1.699215543244263493e+00 6.943693662754242268e-01 5.833551663447828162e+00 6.086584803594961457e+00 3.718746413305795251e+00
5.428436673256245015e-01 5.679408144182318097e+00 2.658002426667223084e+00 8.575621298758342448e-01 6.298072949572652846e-01 4.390293869580023767e+00
3.345323655631635695e+00 3.274092412025086940e+00 4.725538575110493689e+00 2.100821014807360498e+00 1.496008779237119946e+00 5.006664553860479927e+00
6.240459729473469608e+00 8.896805231833599947e-01 3.726544017826407540e-01 3.573069214644891023e+00 2.359080578531559169e+00 5.603113765125232071e+00
2.671512863457061293e+00 4.626568178476604842e+00 2.516745694421677726e+00 4.793598914247622744e+00 3.246556785457141103e+00 6.163494660670439274e+00
5.470519772637277178e+00 2.162116222478587702e+00 4.473495030336041012e+00 6.281454033409717752e+00 4.054694361233474709e+00 5.045596465304438283e-01
2.123445638366522559e+00 6.093654377134903655e+00 3.982449617196897051e-01 1.208208988186502353e+00 4.941059908853233651e+00 1.136493061641593805e+00
4.815463987060522477e+00 3.705180582681858237e+00 2.176786390230228463e+00 2.586433779169306391e+00 5.759601290883731295e+00 1.762870174400360312e+00
1.434696498001511777e+00 1.502116586210615168e+00 4.106765709142035092e+00 3.775528193026493895e+00 3.761968764451530944e-01 2.400953411674674243e+00
4.209464519654690484e+00 5.551694633818229363e+00 5.898469227736445220e+00 5.031296481370841178e+00 1.206664389223212730e+00 3.074924691538630128e+00
6.784906562527535101e-01 3.288958257726300793e+00 1.481104671802445871e+00 6.244946508768916438e+00 2.024173513445518324e+00 3.762195433072948347e+00
3.579447672168702965e+00 1.072435191550306754e+00 3.440067749161936916e+00 1.181968046123751392e+00 2.889940361121901446e+00 4.429039238486583763e+00
