2.018139332028015542e-01 3.965217163116707244e+00 -1.949272563605592090e+00 2.590124877636147183e+00 -2.889501042156814581e+00 2.173106546580088505e+00
-7.132195803142037105e-02 1.488823141022004748e+00 -1.679715721700903774e+00 1.359033498668825723e+00 -2.952497042837048724e+00 1.472956083153201590e+00
-2.045196828777060827e-01 1.294574787332398280e+00 -1.514259525951254570e+00 1.370295867426021053e+00 -2.073441954099937146e+00 2.739192141129111580e+00
-5.731072847446667673e-01 1.254983338476552523e+00 -1.632095896284059044e+00 1.408614168049897808e+00 -2.033616292135484560e+00 2.195841021860688080e+00
-9.480978431066884315e-01 1.125230249396621973e+00 -1.313162571151603952e+00 1.418606220429720288e+00 -2.098830893422316102e+00 1.730864683155062256e+00
-1.196698540037753888e+00 1.360526127988799239e+00 -1.346250159901911436e+00 1.564128430241491285e+00 -2.103668381763737383e+00 1.104364815654948595e+00
-9.004825831939048397e-01 1.391950884684467260e+00 -1.035042057260936232e+00 1.588205329290713674e+00 -2.049669197766638362e+00 1.240883258895426167e+00
-6.680515371547057768e-01 2.020036121520419670e+00 -1.139051155975698393e+00 1.655363199317819722e+00 -1.993237039697324242e+00 1.165224492552408675e+00
-8.926228427131894794e-01 1.891494380996621150e+00 -8.847293486985254862e-01 1.753787260060398312e+00 -1.987930444775303451e+00 1.150728106019592190e+00
-9.470347113319850241e-01 1.970280694648689046e+00 -8.969271252795143479e-01 1.878032320685254719e+00 -1.919522749953356255e+00 1.090116630342179871e+00
-6.876724853473615839e-01 1.831158021922807411e+00 -8.840798180742348578e-01 1.963980499086890763e+00 -1.789811762671054796e+00 1.260524990682249546e+00
-3.668049964068429425e-01 1.669666415214630995e+00 -8.283378626732322836e-01 2.037461741583149522e+00 -1.612900391452736004e+00 1.569775552958101894e+00
-3.500935795128685690e-01 1.540490918667715370e+00 -9.072696361392318387e-01 2.162568054071221546e+00 -1.405582703246207377e+00 1.736994700360497745e+00
-3.712707541942035228e-01 1.257297169092779665e+00 -6.656047845459751588e-01 2.338677103756382269e+00 -1.291102117819124873e+00 1.908270746480008828e+00
-4.168337978433114266e-01 1.293844710400861242e+00 -7.450561839484516335e-01 2.448983159593943082e+00 -1.110772169485861216e+00 1.949089536335655293e+00
-3.413144350037513597e-01 1.175698610140420985e+00 -4.727513329732823677e-01 2.521423053819459081e+00 -1.050903428818513730e+00 2.189437466097486240e+00
1.032342909952799204e-02 1.437667042538717244e+00 -5.380341934542856031e-01 2.558115860498789917e+00 -9.448968822740234641e-01 2.179748284861369623e+00
1.913505680906748552e-01 1.491192727721868838e+00 -2.182514925005720197e-01 2.566465440813304077e+00 -1.057572341531687332e+00 2.179348468317262366e+00
5.587739050570128541e-02 1.779573646133748355e+00 -1.738174478855533667e-01 2.582885800276608634e+00 -1.068304748348628319e+00 2.038478906986298966e+00
1.485371508879080871e-01 1.898985950015540602e+00 7.510287844217533593e-03 2.619787972688698563e+00 -1.134037604010599498e+00 1.999264434882245478e+00
3.932413403140551100e-01 2.005874029007445714e+00 1.141809599261539021e-01 2.650229451756048071e+00 -1.158549821562185445e+00 1.933220329057704800e+00
5.475605770527847138e-01 2.013004553013608700e+00 1.950863365856158049e-01 2.749140697998146532e+00 -1.045393659771511663e+00 1.850107789422144045e+00
6.026582762886858458e-01 1.639586912293795606e+00 3.512232914262098937e-01 2.927165183389253134e+00 -1.044684359841430599e+00 1.921756740659330553e+00
6.046393251626398513e-01 1.603363174276123848e+00 4.558022964105791774e-01 3.044759934504791321e+00 -7.821921526279755899e-01 1.904808675629905856e+00
5.782206639196820763e-01 1.343901519400082734e+00 6.735369809850885181e-01 3.187185343625835277e+00 -8.385803267608962219e-01 2.268660911638530564e+00
7.686598692253209242e-01 1.400387495241311120e+00 9.975039844141460055e-01 3.297009557208644193e+00 -6.292062051128621825e-01 2.153965472772041867e+00
9.870977866562744563e-01 1.311740440281658815e+00 1.044972253060713729e+00 3.396547923571433980e+00 -8.605905989240978382e-01 2.020713549445180224e+00
1.038000767902025334e+00 1.604854856355222736e+00 1.377694944988956616e+00 -2.833233818021824835e+00 -8.768425274133153646e-01 2.077979185545280605e-01
1.016573297076992066e+00 1.757981892055782147e+00 1.466486741782058179e+00 -2.782761759781784416e+00 -1.735882038983836528e+00 -7.721232421564641624e-02
1.137435673758912191e+00 2.016650022555676713e+00 2.051851227504704500e+00 -2.826670219733965705e+00 -2.277963830643193965e+00 -2.251397349037140283e-01
1.337229531849674302e+00 2.090793690999449339e+00 2.502550698416682984e+00 -3.895618399571074697e-01 -2.659811178512342167e+00 -2.204495167642397946e-01
1.392459213244334304e+00 1.959667382367037858e+00 2.749014725338308818e+00 2.241303413270818723e-01 -2.710508441742013996e+00 -1.174849007283018387e-01
1.400936940909076833e+00 1.960801246013637700e+00 3.144554940067058713e+00 2.991789071750554641e-01 -2.642611302852331701e+00 2.985667570565803119e-02
1.444005761548137867e+00 1.646327613184951133e+00 3.317962269050424684e+00 3.250477271012789382e-01 -2.555268163483372490e+00 3.585261066253515594e-01
1.547133519145150071e+00 1.548512297664769832e+00 -2.797034977805522349e+00 5.598447850715521090e-01 -2.354065120632406583e+00 4.688037353024133158e-01
1.814188997379761581e+00 1.247900238930240269e+00 -2.669034950282043184e+00 6.952651994691769755e-01 -2.320960249899143513e+00 6.923705963092362525e-01
1.921526787122278757e+00 1.402379099825656894e+00 -2.525393808339915669e+00 8.571346545254155957e-01 -2.211433788844610504e+00 6.948873120694167849e-01
1.915689242959528915e+00 1.427062303823614098e+00 -2.358989969427496280e+00 9.577038305964713505e-01 -2.211684171610643013e+00 8.209008968038652432e-01
1.887442013358660686e+00 1.741871966935361282e+00 -2.298888069299899417e+00 1.025897576726239713e+00 -2.178184916393212323e+00 7.766079591953620742e-01
2.009503707313017529e+00 1.885266828216199286e+00 -2.188923635606251583e+00 1.068673862127852869e+00 -2.208037721666432418e+00 7.509372226464998690e-01
2.215235699805265135e+00 2.004494729613632398e+00 -2.066453139223165980e+00 1.140711194995675415e+00 -2.188087849997986556e+00 7.599441531719760556e-01
2.248914502789468361e+00 2.108397575752211317e+00 -2.070573443457943696e+00 1.208402444666630382e+00 -2.070852434219781379e+00 8.258752753659521773e-01
2.278646442202953981e+00 1.966087290737375426e+00 -1.857767170992369543e+00 1.320869129836524936e+00 -1.983265446133213983e+00 1.041576789708265727e+00
2.356044788752810870e+00 1.938790889060663769e+00 -1.884762800286273077e+00 1.456135999954689231e+00 -1.780114560632487075e+00 1.104573460199214097e+00
2.504585084598367040e+00 1.584363643155406454e+00 -1.656505360894812151e+00 1.619144648565908451e+00 -1.688484380575465682e+00 1.357243814113086033e+00
2.685145110472201502e+00 1.606293174905457199e+00 -1.709663642588148180e+00 1.714060840066723435e+00 -1.463779542741616480e+00 1.488028006639681822e+00
2.773207736934203638e+00 1.432577354907067946e+00 -1.490169420734855921e+00 1.746389989288584577e+00 -1.464488542851036579e+00 1.742595020068205436e+00
2.760666962174619599e+00 1.528329800922813231e+00 -1.489515014002661397e+00 1.805109457085416258e+00 -1.387348332028095044e+00 1.672363294064163952e+00
2.791961578547883072e+00 1.611416984453709844e+00 -1.298636980407258390e+00 1.864566385067803367e+00 -1.494679341368464476e+00 1.491164450159949029e+00
3.087430050461650310e+00 1.851905317183505151e+00 -1.223835348254942668e+00 1.876331732245391848e+00 -1.603847827530485048e+00 1.046953249702257116e+00
3.333469912981096961e+00 2.069473527487720954e+00 -1.132219290142000956e+00 1.909116157311068429e+00 -1.618262251448657763e+00 4.267621243574009071e-01
3.299697061342280691e+00 2.128862729003989429e+00 -9.082530524489282886e-01 2.026416875836177134e+00 -1.809820661884225190e+00 -2.333364391180971220e-01
3.166528377901878244e+00 2.282062309594297123e+00 -8.351009059764923359e-01 2.114962118715743689e+00 -1.535571035535745477e+00 -7.847748652438941708e-01
3.350260801557035428e+00 2.114768524854230947e+00 -6.422747757184777972e-01 2.299335231636459032e+00 -2.182858402078033500e+00 -5.341971920466161983e-01
3.653743494426901162e+00 2.166478389252701309e+00 -5.995910984757423234e-01 2.397890460506486132e+00 -1.718685742275176231e+00 -4.405939977293336085e-01
3.778011558382709190e+00 2.015509496340972539e+00 -3.994967332614970390e-01 2.575213639917088404e+00 -2.090298426842399859e+00 -1.119641744505427139e-01
3.726910682183379286e+00 1.989642868990473712e+00 -2.589503091446220262e-01 2.713664551302696903e+00 -1.828628511575754123e+00 -3.097366947340780552e-01
3.056238836711421936e+00 2.037764683876805094e+00 -3.207046692849049863e-02 2.825159006573562781e+00 -2.388614573927445139e+00 -2.189241039382716913e-01
2.690245871994774163e+00 2.073395124244353127e+00 2.642771844613832077e-01 -3.305759423363514582e+00 -2.633773373705821097e+00 -2.463514171336377290e-01
3.105199546968323343e+00 2.203692950338405065e+00 4.562542640179019782e-01 -2.624285326425960463e+00 -3.046879511503369109e+00 -2.636473004461164504e-01
3.574601404518360503e+00 2.296719570532963051e+00 6.643334312694287869e-01 -9.115827253436554756e-01 2.965686016525457713e+00 -3.590534766062141170e-01
3.001445866255295858e+00 2.492743760519410046e+00 1.314020918781324543e+00 -6.732364635908554273e-01 2.845248617435057970e+00 -4.500805112763495153e-01
2.566358292085316961e+00 2.535102047868390329e+00 1.178127119749212248e+00 -6.321266482369017892e-01 2.845750546208471121e+00 -3.042133894325372845e-01
2.165897266361674234e+00 2.688304604146620758e+00 2.118081191966684429e+00 -4.205076735950257216e-01 -3.268169488260678879e+00 -2.157254684672499645e-01
2.332361986142442944e+00 2.649994148251622939e+00 2.315770392673112354e+00 -3.123835155128795726e-01 -3.198770461364851769e+00 1.234971971476322983e-02
2.609211618087269535e+00 2.731602902266022870e+00 2.599009134583058600e+00 -7.248687316200796982e-02 -2.980178565671273816e+00 5.441608581888629503e-02
2.716895688753599103e+00 3.529193135780483104e+00 2.701636749528332437e+00 7.087646711247809483e-02 -2.858870562257440628e+00 3.131245147269945961e-01
2.719041084730446922e+00 -2.564602112692579983e+00 2.811678270406634095e+00 1.719166229926316347e-01 -2.654587649434210217e+00 4.853836075779416337e-01
2.529800068446061978e+00 -2.180608491795659187e+00 2.924930347272563402e+00 2.424350073841716191e-01 -2.584338870927815002e+00 6.393675799670500703e-01
2.638525593279529069e+00 -2.107793109150370992e+00 -3.251962562270501955e+00 3.494424630809562782e-01 -2.560228273174171232e+00 6.043103432534697728e-01
2.921868834245101354e+00 3.675638391488432521e+00 -3.159207765602400020e+00 4.273482913478326983e-01 -2.531937162954311482e+00 5.137003470652601322e-01
3.015639632841767614e+00 3.324492712359565338e+00 -2.957233032773225467e+00 4.736820675820149207e-01 -2.545445254242145072e+00 6.068539011714261244e-01
2.963066658413365584e+00 3.077876423784250637e+00 -2.976546091774077141e+00 5.141506242929163584e-01 -2.448736007430280193e+00 5.810879190649257398e-01
2.986920405850412408e+00 3.333801811899930634e+00 -2.691766224243812289e+00 6.010220454015793301e-01 -2.505090799143737001e+00 6.631964187290348978e-01
-3.048937370209800601e+00 3.214376494285681840e+00 -2.726677625018766093e+00 6.916718607043219613e-01 -2.359843019036571565e+00 5.386717947312982258e-01
-2.882141119992618350e+00 -7.239763717360715445e-01 -2.494375445098635069e+00 7.841816770399323566e-01 -2.337150134484311970e+00 8.031763775088394119e-01
-2.792310696529893388e+00 -5.845533163950845656e-01 -2.575157164257673159e+00 8.470738761897277369e-01 -2.131942043033453693e+00 9.436328520576567902e-01
-2.745071672976275412e+00 -7.782143592871684223e-01 -2.455454412692302135e+00 9.559874569277275747e-01 -2.108831301924336987e+00 9.448179168092549762e-01
-2.692762006363980554e+00 -8.891608973135199934e-01 -2.418271801429390688e+00 1.087524882491095024e+00 -2.118312395933622305e+00 5.254148025044413917e-02
-2.526279819395813586e+00 -8.845071973331640747e-01 -2.319408039260832499e+00 1.190620563151385092e+00 -2.085001488754886445e+00 -9.212441930525385736e-01
-2.350962762591146671e+00 -6.803839111262373063e-01 -2.119289908954823609e+00 1.251500281878438869e+00 -2.446677412837339638e+00 -1.013853126658359693e+00
-2.316395922192420187e+00 -1.152973108631143440e-01 -2.073617893676517721e+00 1.303349906935374003e+00 -2.760041924629595744e+00 -1.244471154153975023e+00
-2.296689970357091326e+00 -1.479450976671101703e-01 -1.787685581278344760e+00 1.430410098156258858e+00 2.052784861548424988e+00 -1.386676897604084635e+00
-2.160117671961450103e+00 3.994356567304509498e-01 -1.762741234623810271e+00 1.498588293133329197e+00 1.547364638314707719e+00 -1.565829605047869721e+00
-1.968134384980487983e+00 3.022564005935023390e-01 -1.518506470357307681e+00 1.656330371693344627e+00 1.820968501993304400e+00 -1.369547656826296089e+00
-1.856039561828200846e+00 6.255806122739263619e-01 -1.525451739404997120e+00 1.725039764859904068e+00 2.031834252703598409e+00 -1.221210094067954666e+00
-1.781900781736622141e+00 -7.044940962358045566e-02 -1.415769341975512408e+00 1.853321095380513484e+00 2.181994233708745679e+00 -1.014128150910209802e+00
-1.704688388029345525e+00 -4.640809535078708192e-01 -1.276842346723218613e+00 2.076832959018846125e+00 2.267384470597597179e+00 -9.569824428636607427e-01
-1.584068740641834339e+00 -8.507160941549315458e-01 -1.146682225894649854e+00 2.295042579136834071e+00 2.391225304644344796e+00 -7.600725302515869419e-01
-1.393581633967280631e+00 -8.721661320883863366e-01 -8.248291265559761776e-01 -3.029510226338258061e+00 2.449169226544799294e+00 -5.399726105323822134e-01
-1.227704112872699760e+00 -6.326208332621715558e-01 6.713002979764739475e-01 -2.063751672450807373e+00 2.449565397705694814e+00 -4.939279053267032760e-01
-1.176964535503753906e+00 -7.104116619127253118e-01 -3.649019319495906966e-01 -1.783179715528607323e+00 2.354682985970416809e+00 -4.900266683506950827e-01
-1.058634314309667035e+00 -2.993852673845960877e-01 1.775498851388142896e+00 -1.427880305530220939e+00 2.367792965641271952e+00 -5.846974503906017251e-01
-8.085633720953048220e-01 -3.357222761954993251e-01 2.117835004612925065e+00 -1.368642877926836698e+00 2.339503842647492338e+00 -4.313743639361113380e-01
-6.091722487608575154e-01 6.269984435293308733e-01 1.920774324934134247e+00 -1.162277724695492287e+00 2.474153986085370516e+00 -3.759615283958028242e-01
-5.115385418356269698e-01 -5.874383377255218974e-01 2.266932713649611575e+00 -1.050326338227714595e+00 2.499323698361114676e+00 -2.095624900755602982e-01
-4.426019241263019488e-01 -7.754238026114417259e-01 2.180462855495830077e+00 -8.897283615249227395e-01 2.654425003693990259e+00 -1.492799290881524632e-01
-3.255053676634114823e-01 -9.921434883282758133e-01 2.337989277188497361e+00 -7.548940544678117703e-01 2.809198954138350413e+00 7.977833696197511593e-02
-9.842766537212344069e-02 -1.111704544306540754e+00 2.347904562348013702e+00 -6.580596041452484446e-01 3.016149173783015502e+00 3.477237222259773608e-01
1.353170863950880487e-01 -1.157026942106765599e+00 2.373547041485057463e+00 -5.632086537760845335e-01 -3.091584945477831692e+00 5.032495110386550063e-01
