0.000000000000000000e+00 1.870282526979756277e+00 -2.523821685100171552e-05 -2.371378770179795504e-05 6.444386136964246402e-06 -5.595104268944189993e-05
-1.343917843826056280e-01 1.497205115073516835e+00 3.262082124492469981e-02 -1.204889487329111053e-02 2.156793561017310290e-02 -3.481011540011499927e-02
-2.698422434686285065e-01 1.424423945307685235e+00 6.521612722020460329e-02 -2.355146606999720948e-02 4.205023122880743869e-02 -6.929090736156731656e-02
-4.076828725261718023e-01 1.350876018611776752e+00 9.718991506004866221e-02 -3.375294976414224685e-02 6.070366645841644704e-02 -1.034295167204667548e-01
-5.488583676899986274e-01 1.277646310772172722e+00 1.290098113194031171e-01 -4.245349278017050004e-02 7.668559906156845185e-02 -1.369216206661910407e-01
-6.944824858849445448e-01 1.204458620062272445e+00 1.598334505424366114e-01 -4.878754975802378907e-02 8.941015659657775005e-02 -1.694790770913743305e-01
-8.463702937477458610e-01 1.132461487276279266e+00 1.901734597497692636e-01 -5.238481855331025144e-02 9.844231838544170721e-02 -2.009527526908845840e-01
-1.007159068546634062e+00 1.060981321747040740e+00 2.189499212473456913e-01 -5.251981096473550686e-02 1.036010544485940071e-01 -2.309518691175311000e-01
-1.180230321126882309e+00 9.896035348393550368e-01 2.468784340978115999e-01 -4.891853918741358165e-02 1.048221991878410808e-01 -2.592972798906134080e-01
-1.367883677616407612e+00 9.189106186203060966e-01 2.731232480616455072e-01 -4.097319081246409561e-02 1.022224658968442224e-01 -2.856624714689931510e-01
-1.574125399336163689e+00 8.493043981481737115e-01 2.976780942347725945e-01 -2.852704952582532996e-02 9.592745454375835312e-02 -3.097800754421207725e-01
-1.803316078677802636e+00 7.807541326574030105e-01 3.201714450159463543e-01 -1.126801032875936887e-02 8.625063175373282043e-02 -3.313225579378904495e-01
-2.057781374589901624e+00 7.135057472074416429e-01 3.403587123751647403e-01 1.055616323197369061e-02 7.347106415376560007e-02 -3.498118357609550921e-01
-2.335945073593484356e+00 6.477534047898232394e-01 3.583454885187728478e-01 3.647142242018523023e-02 5.788054111753807712e-02 -3.649093230324997883e-01
-2.629696220319552413e+00 5.838089982803553735e-01 3.736494603420507099e-01 6.603819923522741275e-02 3.971981116981727900e-02 -3.761088604289933857e-01
-2.925166611712872289e+00 5.219611775951373822e-01 3.864975312207009073e-01 9.754201962884204158e-02 1.957267029608343936e-02 -3.832758220754578504e-01
3.075416823233871000e+00 4.625795896055816536e-01 3.966742929863218969e-01 1.303492436406853139e-01 -2.560229913171960161e-03 -3.857447195572987764e-01
2.816482920681866897e+00 4.067282319941316060e-01 4.044429518005127622e-01 1.628316813297172316e-01 -2.629078666212980933e-02 -3.833987476313991949e-01
2.584950365957418228e+00 3.551290096492981663e-01 4.096946753423086895e-01 1.929498561705036697e-01 -5.114273136781402607e-02 -3.759858028257976326e-01
2.377937065221969348e+00 3.085224296902719932e-01 4.126309199691402529e-01 2.196622510859005117e-01 -7.682807570021467358e-02 -3.636404184783815774e-01
2.191258592050493448e+00 2.682523599242073176e-01 4.134064060699786936e-01 2.419127672707042653e-01 -1.033416572272729678e-01 -3.456937763895056581e-01
2.021562251081545636e+00 2.366836465654472144e-01 4.121009245920661535e-01 2.589172422836640841e-01 -1.301598755391620565e-01 -3.231426932202906555e-01
1.865578130488731112e+00 2.165962458953505088e-01 4.088530213481546549e-01 2.704741150995335075e-01 -1.568052176077579796e-01 -2.972456244889997712e-01
1.720524115217895611e+00 2.117470825864072592e-01 4.039771921138616828e-01 2.764034823293803345e-01 -1.831679031889866249e-01 -2.685451447731886376e-01
1.584280968521830202e+00 2.276575704411877288e-01 3.975226021026205814e-01 2.767863305641609650e-01 -2.088469715302411767e-01 -2.383408228446779742e-01
1.454774450269843866e+00 2.716304606921990383e-01 3.897621672778724955e-01 2.720140552110321686e-01 -2.337668890784564690e-01 -2.076823136558867688e-01
1.331174999760148747e+00 3.520429924471459304e-01 3.808130961326898212e-01 2.622362406769706000e-01 -2.573507723549133819e-01 -1.780927459576578109e-01
1.212250873109081750e+00 4.751360812576054249e-01 3.709963879916260976e-01 2.481221571626402722e-01 -2.795419938725642872e-01 -1.506431767519368914e-01
1.096756425494776366e+00 6.394990844534608199e-01 3.602398251844177723e-01 2.298976500313621996e-01 -2.996993450960657168e-01 -1.265282926218392334e-01
9.850053160886428349e-01 8.229885702039453355e-01 3.490251037113012988e-01 2.080548455467828850e-01 -3.176712890223168384e-01 -1.063876641766969416e-01
8.762339332118561641e-01 9.934409530529153542e-01 3.370238037446293689e-01 1.831925790054339809e-01 -3.330274582385010507e-01 -9.065936920746721361e-02
7.700417216330267545e-01 1.126852479704043786e+00 3.245262595255536398e-01 1.555671768184846704e-01 -3.453191058760468057e-01 -7.961636518043793687e-02
6.660514757940320107e-01 1.217138665418801002e+00 3.117861681492272163e-01 1.253786597966098926e-01 -3.540059107481759448e-01 -7.315698591770362913e-02
5.641649050646229124e-01 1.270312826806187179e+00 2.985536914693018851e-01 9.347076975057279358e-02 -3.588963083621607431e-01 -7.116300119364128707e-02
4.643395008093877951e-01 1.294485169551812476e+00 2.852298735211890035e-01 5.993859743765669185e-02 -3.597183500931682709e-01 -7.311104761577728872e-02
3.669373949468097140e-01 1.297418439752442199e+00 2.715515011276791180e-01 2.504982410469830043e-02 -3.559677034547532593e-01 -7.874230657716414783e-02
2.713308271451097542e-01 1.285103335370267219e+00 2.578824798149799702e-01 -1.074011914619185312e-02 -3.475882801430590918e-01 -8.762610516882284040e-02
1.783741547649964898e-01 1.261506327517406101e+00 2.439379602815616721e-01 -4.740931400876436524e-02 -3.343655662346203816e-01 -9.932540214666772671e-02
8.882058206772593112e-02 1.229686141272990252e+00 2.300515067729307084e-01 -8.441510159314946637e-02 -3.165703411462738037e-01 -1.134399465929677858e-01
2.659478597970570471e-03 1.192161329084495680e+00 2.159286754537517727e-01 -1.216415447649916853e-01 -2.944905367220602144e-01 -1.295430454909393680e-01
-7.871883968399560894e-02 1.150178643572791648e+00 2.013594903718325391e-01 -1.586223525110305732e-01 -2.688279590335350133e-01 -1.471974267190738761e-01
-1.521270724435604405e-01 1.105029715875294416e+00 1.864068131372432768e-01 -1.950686063348250621e-01 -2.405319501423100470e-01 -1.660391219534803064e-01
-2.125371510985914481e-01 1.057692735109142301e+00 1.710652502961158283e-01 -2.307416688766610879e-01 -2.106607130757753576e-01 -1.856157906620183595e-01
-2.481075376398841903e-01 1.008842315158989367e+00 1.553167082090309847e-01 -2.651242055696416133e-01 -1.805755993388341030e-01 -2.056390852107069511e-01
-2.252295398308787611e-01 9.593635751041218462e-01 1.388102823984906364e-01 -2.979987771200923730e-01 -1.514824836791329177e-01 -2.256610058088644177e-01
-9.389970476888940751e-03 9.093903535867288168e-01 1.218636548515822510e-01 -3.287259329980461442e-01 -1.245709165180624300e-01 -2.454234203526682589e-01
9.184114890257325525e-01 8.597598109291314517e-01 1.041434871397484696e-01 -3.572772861307873526e-01 -1.006566051071165480e-01 -2.645458525260048210e-01
1.682220544497744275e+00 8.105940645837363956e-01 8.578073510563634374e-02 -3.821270004106793183e-01 -8.088044225324517167e-02 -2.826914117764386392e-01
1.841964271477299908e+00 7.624628625224812994e-01 6.676514006899776643e-02 -4.033379542414174401e-01 -6.542384838833677219e-02 -2.995897289463476110e-01
1.851369399996718013e+00 7.156271262100503128e-01 4.695182927950053431e-02 -4.195776147597500838e-01 -5.427075619380703625e-02 -3.152533902544043531e-01
1.812226114940001187e+00 6.708243156551808584e-01 2.642749828050406161e-02 -4.303506345840021896e-01 -4.791811815099549648e-02 -3.283848500492743128e-01
1.753521723313349323e+00 6.283775480915507750e-01 5.260400422292504062e-03 -4.344855476716122933e-01 -4.603031434137489636e-02 -3.389591866843521539e-01
1.684352321074021663e+00 5.886725934292761364e-01 -1.653255696586139120e-02 -4.308091968761765811e-01 -4.831142640759143042e-02 -3.468194083782496495e-01
1.609092917356038432e+00 5.521585179063197568e-01 -3.868711935149456160e-02 -4.183628735424786416e-01 -5.424827418419058550e-02 -3.516138370931900514e-01
1.530100349469373899e+00 5.193881388149800271e-01 -6.129762743526882829e-02 -3.957934082113965801e-01 -6.358453260256441419e-02 -3.530472002364214990e-01
1.448727022504815665e+00 4.910760661219584766e-01 -8.403566524033506679e-02 -3.627539255334397139e-01 -7.585383484875178606e-02 -3.508398712672337050e-01
1.365836490396913350e+00 4.675665902913713756e-01 -1.068951282451140461e-01 -3.188341075513543843e-01 -9.051137884287012436e-02 -3.451216065659913901e-01
1.282243748253919069e+00 4.495008584012744057e-01 -1.292773123244762012e-01 -2.651117683711733952e-01 -1.073312632134574701e-01 -3.356214327791323671e-01
1.197844345893128493e+00 4.373358854567986898e-01 -1.513329175669869131e-01 -2.032658486863787861e-01 -1.257524877415816256e-01 -3.226520809768812503e-01
1.113498872927897176e+00 4.312937153776597587e-01 -1.721215200342089413e-01 -1.373901346989827021e-01 -1.454631273825586768e-01 -3.064457921430792653e-01
1.029091669403071174e+00 4.315753920054913872e-01 -1.913769594379709227e-01 -7.101297994735585040e-02 -1.662026548351779320e-01 -2.875149613795316972e-01
9.443950066606152660e-01 4.382975436334773378e-01 -2.087327666761418510e-01 -8.935347714343006356e-03 -1.873978340575480073e-01 -2.664609520625655370e-01
8.600894912428577177e-01 4.508442710301331369e-01 -2.232306773354060248e-01 4.509636164450043366e-02 -2.087654297082519594e-01 -2.439324368072787463e-01
7.764247818162833825e-01 4.680047040204758368e-01 -2.344480976822733986e-01 8.958099648204384535e-02 -2.299366413848304147e-01 -2.210263752557134198e-01
6.931927085163758218e-01 4.887127801477946787e-01 -2.407643180832531593e-01 1.230091406023013645e-01 -2.506141033424900133e-01 -1.985429512921768891e-01
6.105756879153683148e-01 5.111246345367862487e-01 -2.415609806150093575e-01 1.458767285960275162e-01 -2.703242220711212784e-01 -1.775411982407053557e-01
5.287526186240807391e-01 5.334177971109284044e-01 -2.351521604237211960e-01 1.587162082533801200e-01 -2.888418006212624123e-01 -1.586357488429857021e-01
4.478588102512175984e-01 5.535825976564429096e-01 -2.196558606110264322e-01 1.626141972871245067e-01 -3.056959959296521867e-01 -1.425962038537677834e-01
3.682436116799981951e-01 5.701118426891493840e-01 -1.929678093110083759e-01 1.588003275380637513e-01 -3.206141890400331373e-01 -1.297856600797253901e-01
2.897459075879081913e-01 5.818330472270031306e-01 -1.531461840520844386e-01 1.483556867717419903e-01 -3.332229973088600139e-01 -1.204174360780965736e-01
2.131010980905424512e-01 5.878223821974127850e-01 -9.821480717834552010e-02 1.324764165550363360e-01 -3.431294873837661963e-01 -1.146274372564127370e-01
1.386701913472396241e-01 5.878494845247096423e-01 -2.739168222880451059e-02 1.121310218914691181e-01 -3.500088659519206558e-01 -1.124839031265321559e-01
6.636323338400273997e-02 5.820961266358334329e-01 5.799735978905844191e-02 8.805448620863358389e-02 -3.534222351146952268e-01 -1.137518908067863821e-01
-3.004585959868553719e-03 5.706929677229053421e-01 1.552060737599494922e-01 6.103498925147989029e-02 -3.531914231959445427e-01 -1.182895087598627437e-01
-6.840766128345432406e-02 5.540083394775545678e-01 2.567702355066828201e-01 3.181552468532285877e-02 -3.490405198450102775e-01 -1.257299068158727051e-01
-1.292708081899967276e-01 5.327289146249977181e-01 3.551307938985691637e-01 1.200861240668163465e-03 -3.407154567057427696e-01 -1.359998979736714853e-01
-1.841435089521986368e-01 5.072162106711740615e-01 4.433768446724128398e-01 -3.057151248864243762e-02 -3.282492866628207717e-01 -1.486033238425656100e-01
-2.312866273160141539e-01 4.782547252340763055e-01 5.162875273267476528e-01 -6.267064039502674710e-02 -3.120381094016373424e-01 -1.631248717191549624e-01
-2.682319909784358081e-01 4.461834624193311560e-01 5.726933350092067165e-01 -9.450566357705159071e-02 -2.922772918250922114e-01 -1.793014039159882278e-01
-2.916559471577888085e-01 4.117274174189596847e-01 6.123223173134609842e-01 -1.254246026072273201e-01 -2.694787771857753977e-01 -1.969551765391343578e-01
-2.968290265947348683e-01 3.752621640160264671e-01 6.371121407316882035e-01 -1.547581216595041720e-01 -2.445397950701999334e-01 -2.155663829844513824e-01
-2.765684602171876727e-01 3.371866752482112761e-01 6.489271281381526757e-01 -1.820197601285510058e-01 -2.183598968315590971e-01 -2.347738631157399170e-01
-2.216661659828242648e-01 2.981495602116576160e-01 6.496509672403307789e-01 -2.059825341639335561e-01 -1.919391409116139591e-01 -2.543704115409993194e-01
-1.243420604607770458e-01 2.585762742840800876e-01 6.414646203072535968e-01 -2.262818823824380432e-01 -1.661187263640801215e-01 -2.740591067779830081e-01
1.799347470335766266e-02 2.188535294219820238e-01 6.255293479614586483e-01 -2.410683551820924087e-01 -1.418934099723806463e-01 -2.936528220512824028e-01
1.913872923170439888e-01 1.793362163283429844e-01 6.037586398715815150e-01 -2.498634523814796116e-01 -1.200189226982131679e-01 -3.127108714341867990e-01
3.634969956928373325e-01 1.405224169344900520e-01 5.764189736794749219e-01 -2.503149208143153892e-01 -1.010812018572344040e-01 -3.309922476360971921e-01
5.030130133276143889e-01 1.028472413026923216e-01 5.452061553981817354e-01 -2.412630063803667957e-01 -8.552968635047128454e-02 -3.480307225159616769e-01
5.972582943351536500e-01 6.674340738097095382e-02 5.105310445441062495e-01 -2.203686396959651239e-01 -7.337982568554887730e-02 -3.637271801789853098e-01
6.495685089678101543e-01 3.269486057268883999e-02 4.732339458668790577e-01 -1.861033836952869780e-01 -6.472400328461960783e-02 -3.775973939903902177e-01
6.686879626697374013e-01 1.272358528475893381e-03 4.338050994197305554e-01 -1.372253033090374275e-01 -5.946780028200546880e-02 -3.893058893678629229e-01
6.637878437417310540e-01 -2.689091813849453158e-02 3.922405413004967367e-01 -7.303487596771232604e-02 -5.723061410019721074e-02 -3.985512682369607984e-01
6.416533199256617692e-01 -5.139887841528175544e-02 3.497807544873531294e-01 3.463297680969028292e-03 -5.777102267807251307e-02 -4.049914026151396063e-01
6.067693226581937216e-01 -7.159304992407357349e-02 3.057580792631752198e-01 8.910708694218630321e-02 -6.046145878335978940e-02 -4.084506881000300460e-01
5.621434449115416676e-01 -8.672031966884173604e-02 2.614123342292191121e-01 1.762577493657107586e-01 -6.511389133935371887e-02 -4.084456910184030010e-01
5.105975940132582158e-01 -9.635528482323414690e-02 2.161818151827660239e-01 2.591968705580109944e-01 -7.109360504894955690e-02 -4.047041387367582566e-01
4.540424041495191299e-01 -9.995196123066711624e-02 1.710817141970555622e-01 3.308743276653605125e-01 -7.811930972335216772e-02 -3.969448489080202869e-01
3.934613663999765865e-01 -9.711836413845752192e-02 1.260518199498109060e-01 3.881159388220771222e-01 -8.553925995856649644e-02 -3.849903400847966006e-01
3.299434013091315787e-01 -8.777871088476912886e-02 8.153462877767267414e-02 4.295500541094842695e-01 -9.298050258135175106e-02 -3.686143144545475092e-01
2.642963294605939484e-01 -7.221458584036372086e-02 3.776961531885840440e-02 4.560191802744804623e-01 -9.985593159687591869e-02 -3.479599325083066463e-01
