2.607129674819695653e-02 3.701145493076202914e-02 5.924201134985249834e-02 7.827988729534671175e-02 1.038837996236284950e-01 1.275107580282333342e-01
2.607492077457359073e-02 3.700985089560995117e-02 5.925035909219410896e-02 7.826507349237013522e-02 1.038937975393879470e-01 1.274988423253111403e-01
2.607123610170019104e-02 3.701283197348163162e-02 5.923483199792531351e-02 7.829816672206679762e-02 1.038801622051859913e-01 1.275010110222759840e-01
2.607213915274461669e-02 3.701158586695418862e-02 5.924096414003322819e-02 7.830131011963063770e-02 1.038761567659797352e-01 1.275012108903436914e-01
2.607222094475340063e-02 3.701232169646783560e-02 5.923966221165098689e-02 7.827942279545285764e-02 1.038857574798251193e-01 1.275077903537415180e-01
2.607125817451021871e-02 3.701401937443010021e-02 5.923635499030839580e-02 7.827182902306584200e-02 1.038914210009268674e-01 1.275062451345246595e-01
2.607237751783846730e-02 3.701261083265015156e-02 5.923740740696639695e-02 7.826406382393255590e-02 1.038973686778879302e-01 1.275046084296919402e-01
2.607267692135383300e-02 3.701297613691711258e-02 5.923444392153123100e-02 7.827789319662398215e-02 1.038876620757098468e-01 1.275114624244513828e-01
2.607133042073059292e-02 3.701254585826457139e-02 5.923966621893342333e-02 7.827181672580305061e-02 1.038910290481490500e-01 1.275086277747263797e-01
2.607212806809868985e-02 3.701238294368719428e-02 5.923571730026033766e-02 7.828700464827355321e-02 1.038819172299835225e-01 1.275141816938499817e-01
2.607212585301786276e-02 3.701178387458206598e-02 5.925252616681172396e-02 7.826279603101142512e-02 1.038915219330052847e-01 1.275066123079908464e-01
2.607140911303958142e-02 3.701127984366864299e-02 5.923597868835235591e-02 7.828824335164956405e-02 1.038847704334311950e-01 1.275098595444560112e-01
2.607498228587966371e-02 3.700977965874008985e-02 5.924258080308263119e-02 7.827542855060179439e-02 1.038879105045003720e-01 1.275120955434179693e-01
2.607120176059974856e-02 3.701168349626662163e-02 5.924061691086339454e-02 7.828137721244532443e-02 1.038812658118179605e-01 1.275203860150368185e-01
2.607202288126739959e-02 3.701153592105409923e-02 5.923958351898441638e-02 7.827217557227234002e-02 1.038872362938633581e-01 1.275197298768339094e-01
2.607230126836694237e-02 3.701215734618198971e-02 5.923766969561768819e-02 7.826858273241807384e-02 1.038879669120975346e-01 1.275234488786237963e-01
2.607145553828096873e-02 3.701351498209284885e-02 5.923445761504742002e-02 7.827697797337208885e-02 1.038797874015758987e-01 1.275319057659707045e-01
2.607166550132949262e-02 3.701282641632185760e-02 5.923790870352442506e-02 7.829244613766464522e-02 1.038730959279988292e-01 1.275247106520875084e-01
2.607414636229418714e-02 3.701307385849887666e-02 5.922940788326072625e-02 7.829008164060630159e-02 1.038908494506004671e-01 1.274953502970081753e-01
2.607139794659691853e-02 3.701213947837883600e-02 5.924541438812724881e-02 7.825848681660088624e-02 1.039252445391522783e-01 1.274459889583344219e-01
2.607197165628263522e-02 3.701201121590583926e-02 5.923670522879256883e-02 7.827892437504969936e-02 1.039250253588963613e-01 1.274296954359257217e-01
2.607220468826045717e-02 3.701125673621329104e-02 5.924438193937637404e-02 7.826914443118010434e-02 1.039077765154274302e-01 1.274715380610740023e-01
2.607132816722911722e-02 3.701127797756029875e-02 5.923839410553007750e-02 7.828758642849528715e-02 1.038891919047391782e-01 1.274960875582680508e-01
2.607443534654310668e-02 3.701068526590232943e-02 5.924241301484569483e-02 7.827582886976207355e-02 1.038901925607381010e-01 1.275024792903647342e-01
2.607120451872173630e-02 3.701312607484493616e-02 5.923974927425906811e-02 7.828130542961694860e-02 1.038833252956113395e-01 1.275107711086063134e-01
2.607199141174489088e-02 3.701184223597597106e-02 5.923999412212713894e-02 7.827881368037199750e-02 1.038803675806244664e-01 1.275217693788426310e-01
2.607233616686301797e-02 3.701230477239686456e-02 5.923991288713838926e-02 7.826977818839546408e-02 1.038839136386323081e-01 1.275239494573582322e-01
2.607170667020242832e-02 3.701294942419236511e-02 5.923284142883872977e-02 7.828106688451839934e-02 1.038810757145660069e-01 1.275225894097562485e-01
2.607127995312598367e-02 3.701296922569878578e-02 5.924078305718318005e-02 7.826172182838507518e-02 1.038922608190360752e-01 1.275136979698303086e-01
2.607511266200449387e-02 3.701181332528086926e-02 5.924295063807852313e-02 7.826916668168899804e-02 1.038839218539236720e-01 1.275193116864671572e-01
2.607132343355845344e-02 3.701186544572557247e-02 5.924581560118887674e-02 7.827152373916930472e-02 1.038872158417309122e-01 1.275092230735176690e-01
2.607187018627071459e-02 3.701204395982585216e-02 5.923431419016644828e-02 7.831249104277049344e-02 1.038708124979191988e-01 1.275059798895766261e-01
2.607216862035608568e-02 3.701090284837837280e-02 5.924375991891512455e-02 7.828550030409242577e-02 1.038872311484189542e-01 1.274961245185081693e-01
2.607155067085512382e-02 3.701082532391126306e-02 5.924350181419654748e-02 7.827807185990331984e-02 1.038916901638488460e-01 1.274968470479235227e-01
2.607305345153118278e-02 3.701072703335232805e-02 5.924226772694391602e-02 7.827360588377403616e-02 1.038932437587903185e-01 1.274997956142008837e-01
2.607143172627729433e-02 3.701209492710455518e-02 5.924237585304930470e-02 7.826852412213651522e-02 1.038941203206775188e-01 1.275024674847116124e-01
2.607174726629087752e-02 3.701201749734024660e-02 5.923777322940575879e-02 7.827983409895973577e-02 1.038877084936452172e-01 1.275079380043257771e-01
2.607231702590200040e-02 3.701275878610679054e-02 5.923683371244679863e-02 7.827162296631182126e-02 1.038938843705072279e-01 1.275041608905679857e-01
2.607186288655092415e-02 3.701277162715620184e-02 5.923704299477815932e-02 7.828119928948447381e-02 1.038818011857274709e-01 1.275193877689998756e-01
2.607120276867912895e-02 3.701285834238983441e-02 5.924480742511754189e-02 7.826216007018164944e-02 1.038884272932336095e-01 1.275211601966712294e-01
2.607414205607784530e-02 3.701210945397968854e-02 5.922980578917059341e-02 7.828434894988751946e-02 1.038817743776931923e-01 1.275242860004332790e-01
2.607156300772143012e-02 3.701178500287266582e-02 5.924303336568759876e-02 7.826879848158076192e-02 1.038883997360467715e-01 1.275177079872562846e-01
2.607170037559423947e-02 3.701174157190070813e-02 5.923700725859083749e-02 7.827850512753795065e-02 1.038845103534138947e-01 1.275208223289912013e-01
2.607229384466772451e-02 3.701058481163944924e-02 5.924326189462393588e-02 7.827191872191431588e-02 1.038865904319534045e-01 1.275197242307076206e-01
2.607161518027535999e-02 3.701066191271917133e-02 5.924310734953119884e-02 7.827759801335651413e-02 1.038840317758430026e-01 1.275187114519630294e-01
2.607238554922035670e-02 3.701113174054909000e-02 5.923718105400956752e-02 7.828861921132515556e-02 1.038810463667367012e-01 1.275163239447240915e-01
2.607168687597133730e-02 3.701199364566855332e-02 5.923792390748149755e-02 7.829281420598610541e-02 1.038792123571421755e-01 1.275126764325753004e-01
2.607162161634307695e-02 3.701213574676052304e-02 5.923657571302742147e-02 7.828905902759326907e-02 1.038873847727063565e-01 1.275005426062826297e-01
2.607240057135313052e-02 3.701278857912999876e-02 5.924649188668400929e-02 7.825358074885081783e-02 1.039230178110673725e-01 1.274538162895033355e-01
2.607203174648376615e-02 3.701267775910952601e-02 5.923125360530343692e-02 7.827828526030701506e-02 1.039194456978130982e-01 1.274473771887320306e-01
2.607128407666043507e-02 3.701324944500417741e-02 5.923870888521590855e-02 7.826607750841521605e-02 1.039020234003002752e-01 1.274906727817602947e-01
2.607289081499391398e-02 3.701196658613618157e-02 5.923388909704050548e-02 7.828617520052741363e-02 1.038823299130584160e-01 1.275148618496103892e-01
2.607187597832255621e-02 3.701162970931444474e-02 5.924468503646312945e-02 7.827424095089738354e-02 1.038840873714827612e-01 1.275151708544677576e-01
2.607156290536393611e-02 3.701267507376982541e-02 5.924001368013734337e-02 7.828263574907599887e-02 1.038811027947278698e-01 1.275142524360453888e-01
2.607230103984424507e-02 3.701127713008265513e-02 5.924089567495091635e-02 7.828067705550094402e-02 1.038833308626761764e-01 1.275129658484263073e-01
2.607169620166012794e-02 3.701106985314516623e-02 5.924359828771559588e-02 7.827609267552723682e-02 1.038843672885564756e-01 1.275143285837425644e-01
2.607182521479904647e-02 3.701226759763309726e-02 5.923653142017753365e-02 7.828473411076913857e-02 1.038814263015814116e-01 1.275147305016836319e-01
2.607240804033228790e-02 3.701200391057484634e-02 5.924260156125654708e-02 7.826443488385956271e-02 1.038922375980710078e-01 1.275098367904153596e-01
2.607145728346262417e-02 3.701286484986902880e-02 5.923954236058335404e-02 7.827328162773261599e-02 1.038843660770070593e-01 1.275178659220337352e-01
2.607217687844772674e-02 3.701387674792593757e-02 5.923894512337984919e-02 7.827252220878715139e-02 1.038859230474423190e-01 1.275132772262089764e-01
2.607219240285743589e-02 3.701292582909785495e-02 5.923239577407565792e-02 7.830340882967887217e-02 1.038707851655808478e-01 1.275174395942536010e-01
2.607130585048796773e-02 3.701326485823686757e-02 5.924218829319027185e-02 7.826847175602107132e-02 1.038907076538239938e-01 1.275074039930307879e-01
2.607214282840970843e-02 3.701201484285314425e-02 5.923832683019264467e-02 7.827316276155972530e-02 1.038921273489264996e-01 1.275053041836653189e-01
2.607247115868849274e-02 3.701138809055608964e-02 5.924076793031626126e-02 7.827090857606715246e-02 1.038942358184206105e-01 1.275023517887035607e-01
2.607143975408444947e-02 3.701159089203424901e-02 5.924599006765604581e-02 7.827413359651892721e-02 1.038894428529272829e-01 1.275032684423162699e-01
2.607231828546333063e-02 3.701096474628843419e-02 5.923831603535991558e-02 7.828601553623439069e-02 1.038867807747637373e-01 1.275037313534528871e-01
2.607175416708283275e-02 3.701126328762577300e-02 5.924292299876227075e-02 7.827634737190909686e-02 1.038926219206094126e-01 1.274978527958686714e-01
2.607146320266593223e-02 3.701257914256115417e-02 5.924510023989152524e-02 7.827894496311324501e-02 1.038834407474305277e-01 1.275099898729635250e-01
2.607354101345418090e-02 3.701157221148840271e-02 5.924329016883900928e-02 7.826678947400242392e-02 1.038895185776652769e-01 1.275149439028321896e-01
2.607135389902224057e-02 3.701291054842235223e-02 5.923108477808648742e-02 7.828425820104002730e-02 1.038791378181426889e-01 1.275284960741163431e-01
2.607214509068694203e-02 3.701293151136960530e-02 5.924038869047539013e-02 7.826445376960579348e-02 1.038871778492440195e-01 1.275249382475445725e-01
2.607223996506005670e-02 3.701284660678394456e-02 5.923202314376623673e-02 7.827416002732069666e-02 1.038852844454988822e-01 1.275265456848752588e-01
2.607149402183651932e-02 3.701375998186105798e-02 5.923664448487672013e-02 7.826616737819759584e-02 1.038873458273799899e-01 1.275256194841331292e-01
2.607166601200065770e-02 3.701205028865544450e-02 5.923991403523755361e-02 7.828902765972152455e-02 1.038744798617186327e-01 1.275247297691557979e-01
2.607318630834262047e-02 3.701106623346277213e-02 5.923610684193969522e-02 7.830817885474580797e-02 1.038743438294373461e-01 1.275063719640790183e-01
2.607142125930329152e-02 3.701223258759341744e-02 5.923781774218634527e-02 7.828274532391731044e-02 1.038975915575463538e-01 1.274840519136207495e-01
2.607222267680103789e-02 3.701088949082836921e-02 5.924219598160362227e-02 7.828167702577976117e-02 1.039050685452414385e-01 1.274666297235457768e-01
2.607196543967962507e-02 3.701107945361010315e-02 5.925032144749603491e-02 7.825999567722738415e-02 1.039277426616928290e-01 1.274349866730996317e-01
2.607131885621289530e-02 3.701320661711338805e-02 5.923253655640148274e-02 7.828323018613983497e-02 1.039135362808985691e-01 1.274520115359238648e-01
2.607443504574345067e-02 3.701145044238390858e-02 5.923950895039969272e-02 7.826757591692982963e-02 1.039018097367545579e-01 1.274901548698309517e-01
2.607122919878830658e-02 3.701368503290131118e-02 5.922989545970799852e-02 7.828390416016713094e-02 1.038862536871603126e-01 1.275115519311120771e-01
2.607192165356021774e-02 3.701273299518047927e-02 5.924295211651522258e-02 7.826958714000085970e-02 1.038829513653844600e-01 1.275231551051615730e-01
2.607223199583911383e-02 3.701216355833295002e-02 5.923705902317695504e-02 7.827860951871364048e-02 1.038770590445169673e-01 1.275323422989853572e-01
2.607175347019019193e-02 3.701242971149362737e-02 5.923731443081491077e-02 7.827608457549280196e-02 1.038822964553965944e-01 1.275234651830335630e-01
2.607144236823417949e-02 3.701173559756265607e-02 5.923907013214340517e-02 7.827683868338630724e-02 1.038882051368150705e-01 1.275095758702699533e-01
2.607424750580633957e-02 3.701108853141341776e-02 5.923921461252244086e-02 7.828029019969821867e-02 1.038855036310655788e-01 1.275095990050491290e-01
2.607123121520082965e-02 3.701135868414629632e-02 5.925500694168044091e-02 7.825923359445927097e-02 1.038897063695683604e-01 1.275110664029821261e-01
2.607224167913307217e-02 3.701074604472640028e-02 5.924322833187972703e-02 7.828508818532284308e-02 1.038803649427688242e-01 1.275126126638151114e-01
2.607196264687052650e-02 3.701113507301423411e-02 5.924287686670833691e-02 7.828511547308029950e-02 1.038853819629850517e-01 1.275014033774058142e-01
2.607132982573550847e-02 3.701247127899522787e-02 5.923320103504258610e-02 7.830184584974600459e-02 1.038765745436964066e-01 1.275080456810276375e-01
2.607482209554445526e-02 3.701078666145916907e-02 5.924451486807282702e-02 7.826761000702850413e-02 1.038904779051843807e-01 1.275090497374417875e-01
2.607145240387277046e-02 3.701333964910040464e-02 5.923630525705441546e-02 7.827090957825165451e-02 1.038876405459016883e-01 1.275177955809120578e-01
2.607182394359861335e-02 3.701318397179939601e-02 5.923793116989978930e-02 7.826516065477258366e-02 1.038924477741134389e-01 1.275129287199381900e-01
2.607224210417105267e-02 3.701254281346919722e-02 5.923752155014523624e-02 7.827357248571896464e-02 1.038909529001774690e-01 1.275075595494872538e-01
2.607192507608662238e-02 3.701216555804869024e-02 5.923448558386442547e-02 7.828490884423576490e-02 1.038866425299356799e-01 1.275076081047810672e-01
2.607126862731282829e-02 3.701132632807892925e-02 5.924840615240365566e-02 7.826995720214309504e-02 1.038874747391701769e-01 1.275114834562419142e-01
2.607496546110813287e-02 3.701023926253259322e-02 5.924140650775529260e-02 7.828510031051923168e-02 1.038803981604876775e-01 1.275153526690734895e-01
2.607123601721410625e-02 3.701192196979859184e-02 5.924178780949385104e-02 7.827223672016526967e-02 1.038916661811900150e-01 1.275061721402669102e-01
2.607214138753946933e-02 3.701114003711653000e-02 5.923537347388946328e-02 7.828810722574211511e-02 1.038830731349997261e-01 1.275135051826353783e-01
2.607223281650771288e-02 3.701174296717646417e-02 5.924384279170627488e-02 7.826699596752065280e-02 1.038884046248269022e-01 1.275176002490127913e-01
